5
28 944
186 1496 3736 1739 433 1239 1217 854 229 2282 1261 976 3549 3906 978 2827 2505 1390 243 1072 3831 2748 3610 2185 700 1910 2679 692 1817 1470 23 198 407 1207 3437 1063 3641 1992 1574 574 2632 278 3671 3916 2350 548 1493 1000 1394 3945 2042 1657 1776 315 358 442 2887 1698 1956 448 3790 417 832 1070 3434 3973 98 2833 1172 1798 153 1955 3052 2458 981 2460 3801 610 3132 3310 3601 1114 3640 3907 605 1717 1962 677 3242 3247 2809 2176 2880 2722 3131 3855 514 3602 2068 1825 2570 3335 3663 3843 3990 2344 683 750 1183 1272 25 1882 1883 3720 995 3472 992 1047 306 726 1906 1984 3469 3792 3646 2931 478 2589 528 2063 965 3525 3794 3951 2530 1862 0 2521 3098 1645 939 3964 3733 1986 2015 2308 3276 3724 2916 3139 3448 3939 3460 341 3431 1716 1215 2557 1179 13 3774 182 800 1121 3312 2382 1149 697 3059 640 1902 3218 1520 1848 3187 2342 221 1385 604 3440 302 3000 143 826 2226 2363 1285 2644 533 2726 857 149 209 2640 3421 3688 2426 2323 1660 2712 2552 2556 3746 2048 1622 1191 537 646 3912 704 982 1841 2987 3901 115 3512 3212 1490 776 2867 1979 691 1112 2581 2975 3739 1928 61 2675 2108 749 244 2020 2933 790 1632 1672 3622 137 3070 2104 3517 161 961 1305 1818 1085 1807 2017 526 2918 2413 2858 2229 986 3273 1240 1864 2402 687 2731 3735 2806 2041 2950 2107 843 1022 3113 1486 621 1850 27 2243 1158 1589 536 2118 708 762 765 2976 1768 3386 37 2233 1700 2711 3102 2907 1225 2773 3388 2289 892 3001 3690 1922 945 3314 622 1017 7 428 773 3848 3091 2805 1341 3436 265 2539 3183 527 2961 3317 1363 320 3611 3658 136 1677 1748 2395 1596 1778 2297 118 1293 856 1182 499 2817 858 1314 782 2891 3262 3422 2095 129 3497 3664 3079 3559 3924 3968 624 2818 3409 2895 3698 1396 3412 3547 3284 3225 2249 2671 2803 877 3072 3639 554 2882 367 3340 326 376 1164 3520 2167 216 286 233 3174 3430 3747 328 3530 206 2520 1969 1821 2404 2956 3977 2890 3841 2646 2702 3028 1949 853 3981 3396 3749 1743 879 1298 1555 3489 2502 3154 1323 3015 1539 3708 3261 1952 797 2512 2541 746 3188 675 871 2849 958 1686 3526 1612 3930 3842 3715 3229 1232 3457 330 1896 2221 2729 781 1851 2165 2425 3110 2899 852 2161 220 889 368 3415 2901 1595 2333 1598 57 1741 141 1118 413 2190 1855 281 1122 3254 1280 126 828 2351 3256 532 2988 1913 3239 1352 3615 1874 3741 3781 3706 35 147 435 1577 3934 1504 171 2434 3104 3133 1186 1328 3757 2040 236 3161 523 614 3021 1971 124 3402 2749 3253 1388 3772 2076 579 875 3649 1838 848 1071 1098 3326 633 1492 453 225 2966 2514 2971 1578 2507 1477 2234 3978 3988 3897 1694 3534 1310 2349 1570 2519 1362 3713 2544 778 3191 1228 725 3594 427 989 1221 874 3494 1212 3302 1436 3223 3556 3832 1872 833 3354 1359 3257 2219 461 3424 3799 3997 501 2683 3136 3645 2097 2409 2559 1845 718 3850 2760 3675 2173 673 732 1890 356 974 1442 1615 2553 2772 2983 1499 3763 393 3387 3265 2725 3316 2091 3248 2857 253 316 1655 1881 2051 2816 898 816 3185 3298 1480 2600 1701 1903 902 386 1089 1265 3961 2034 2162 1087 1975 231 741 3271 3845 887 2668 1356 285 139 3834 1998 2052 454 3024 3563 541 3854 1908 1516 1631 2560 404 1713 2078 291 2800 1250 3989 3866 3081 3433 1633 2440 38 92 2531 1201 2121 520 1674 1879 991 1473 2164 2419 2823 2812 3614 508 8 75 2324 2621 2687 1249 592 463 487 3585 3759 1038 1815 1639 2300 2186 516 1585 3853 420 2905 1483 2643 1338 2050 18 2585 2902 50 1683 3797 4 334 3336 3292 3134 1307 3022 3399 655 2271 2338 2848 3031 175 2445 3488 2396 152 2523 2796 3500 53 2934 3320 2307 529 1329 1682 1786 217 3762 119 3346 2085 1141 181 3953 485 3445 3535 3258 1878 2379 1074 2594 1925 1208 248 2492 1268 3655 3954 476 480 1284 3722 64 1806 2016 1447 2846 2130 1193 2137 1591 3957 409 2524 3099 3328 920 2576 2701 801 3447 1533 3999 3952 97 108 88 2317 928 2864 68 489 823 449 3579 2814 1482 2688 881 2875 2958 1006 1379 2153 3100 2021 3397 1020 914 636 1449 3896 897 1096 3137 116 3038 211 3215 2182 2713 2825 1064 1459 3626 439 2494 3777 2098 3394 1423 123 1756 703 3475 3005 1839 2276 2977 3325 970 1793 2815 3670 1084 2437 1729 615 2361 2538 464 1209 1337 1256 1471 2894 3807 2232 3695 2677 1313 2703 3883 1940 22 2421 1569 465 2310 189 764 2314 66 1073 2407 1544 332 969 1090 2575 660 1707 2175 1837 3054 1860 3805 496 575 3344 1784 865 2924 754 3235 1350 3674 2124 2447 264 289 117 3403 3927 47 2604 3055 313 1189 521 2764 2801 3589 3980 1263 402 1343 2845 1662 1852 2820 3150 1601 2777 1797 1911 3066 3095 3581 770 400 2962 3453 3937 154 3895 3727 1572 3859 883 1901 2994 3097 1117 3548 1187 1269 3546 1097 2288 1853 2086 1062 794 1777 1083 3584
9 786
821 296 1104 2597 988 2774 676 2964 1130 210 2192 279 2967 252 502 3732 702 1930 3795 626 192 2627 318 652 2911 2132 212 2929 1433 3568 3874 432 2061 3260 1452 208 619 1731 2737 1426 1625 3007 1067 3782 178 460 3339 2431 559 3023 3375 1889 2662 3148 1580 2238 584 1028 1226 2257 2240 1835 2670 1169 2838 3082 1549 3193 3381 3018 2115 419 3012 1393 3911 1418 3852 327 1124 1721 1443 3508 1898 1422 681 1685 2105 607 1744 2210 365 2979 1342 1934 2006 1774 107 1218 3470 3566 623 1024 719 1534 3360 3625 234 1967 3560 3202 1970 1294 180 1303 3524 67 2586 421 2155 2654 1364 880 1237 3454 3756 3493 3231 840 2968 967 1583 2489 2188 1695 846 3288 2053 1113 3390 2989 2196 184 3308 1358 2485 1205 3928 2914 396 650 450 556 3888 104 1846 663 2912 2978 3352 517 1834 85 3107 1600 2666 3617 2044 362 3291 2274 738 12 2305 2785 2853 2223 2330 2191 2736 3847 1976 997 1666 109 2944 2963 1950 2771 737 298 2642 3435 2066 755 921 3495 1989 1951 130 3358 1652 2337 2138 3176 822 1441 1538 16 1740 2959 2583 2707 803 3932 525 3389 3142 1644 3067 3219 490 2228 14 2142 994 3486 2123 3938 2215 3464 931 3426 3372 3527 1829 1129 1664 1435 630 1142 2598 1760 1755 946 3985 1476 1556 656 3697 2625 3947 929 1278 2757 2970 1312 2378 2770 3033 2525 2794 2732 2938 3074 91 132 2718 1590 2628 3080 3114 3333 3725 3921 2985 1049 1658 1751 2270 242 3361 2497 1373 2045 775 1638 1687 94 2320 3711 3827 583 3788 250 1679 138 1514 573 1126 1523 1704 1573 2414 3203 1318 3322 1044 723 2658 2928 1904 1618 3633 670 2984 901 1814 2037 3474 3623 3638 922 870 799 1453 3791 2002 43 3551 602 3485 3473 1810 2373 1924 2127 385 2056 2558 759 2213 323 2422 2463 2872 819 235 2476 3049 1650 462 1424 2328 2087 1322 546 1340 196 627 824 535 3393 1628 2298 1005 540 1100 2316 905 3904 2094 164 825 953 1419 2869 1180 384 2844 1366 1267 3612 2793 1029 3376 2251 3300 2109 3169 2429 2459 2515 2696 3047 256 2862 3109 1670 2533 3331 2088 3281 3482 10 3046 3240 1411 1626 2357 2926 3925 274 1661 1870 2279 1140 1614 3796 1283 667 2277 1010 1125 3976 166 1642 2069 2374 73 3754 2369 232 342 3096 1474 3461 3143 1895 980 1196 3771 3694 183 394 2 2131 3205 1082 202 1281 1884 1888 2171 522 1581 1865 3345 2747 715 1654 2030 2532 547 644 2923 1120 3942 3286 1335 3926 2606 1402 456 919 1668 552 788 3743 2079 1260 1747 72 2893 993 6 2217 806 3233 2388 430 1576 3879 1787 3966 1099 2965 1472 2477 3357 2612 11 1387 3982 2227 3813 1297 2822 3319 1321 1484 1673 3115 2059 105 2380 431 1254 1900 2842 3002 1588 1630 3828 779 1041 1316 1606 1309 2647 545 200 1025 511 2871 3878 3900 2259 1710 1669 916 3034 2444 2920 3180 293 2997 3043 2199 2633 2878 3637 1647 1933 999 2724 838 1291 1168 2884 1139 1897 3502 1648 1059 740 744 942 3958 649 2358 792 598 3306 1653 1372 1858 2072 2636 371 771 1206 1681 380 2601 3826 1061 2169 275 1091 957 1034 1548 1007 1502 2678 1160 975 597 1727 3955 3683 3088 3173 3515 2420 2166 758 479 1286 3516 1909 3125 1210 312 3301 3337 1053 1684 3944 1148 457 2464 1050 3804 3920 1244 3775 1524 2453 590 1465 3648 469 1918 3103 2159 2252 294 1042 1771 2008 888 3785 1317 1332 2141 3243 353 2442 3915 3946 1138 1457 2248 935 813 1176 2049 1552 3606 796 847 29 2158 3650 3678 662 3892 2204 2058 159 955 2551 2290 1478 1667 2129 3580 658 3962 277 2676 1243 1434 176 3943 2908 1262 2782 3090 2038 165 491 1266 3677 586 1371 3529 1770 2791 1503 1554 2535 1722 2574 2672 3035 1535 2799 3886 2134 1389 1397 632 3812 637 1931 2116 3603 1791 266 3327 262 3405 2031 2348 1932 2995 3830 392 896 86 611 131 1532 343 1945 507 1037 272 2795 1348 2787 3427 561 3491 2850 2461 2940 2470 2615 820 3065 1708 2400 2832 3803 2253 3130 2611 3155 99 336 2202 734 966 2750 3532 589 3216 1425 2013 2951 2295 1506 3087 1875 377 2405 2120 1033 2481 361 3105 1406 3769
7 550
2462 2487 3057 172 3761 3401 2170 46 339 1565 3667 1671 2623 2299 867 1188 3369 628 2618 3157 1526 1844 2969 2852 2280 2083 679 503 1347 76 2195 276 2942 3604 3607 3889 3861 1246 866 3068 1968 2765 2197 2231 2150 347 2993 1326 3992 2376 3141 695 2921 3204 3975 3252 3151 3684 493 3710 3030 1948 2303 1147 3705 1637 937 314 2925 3726 560 2216 307 3885 2113 2927 3544 1944 2070 2546 789 1103 724 3839 1009 1369 3693 2263 59 3873 3332 915 2239 2355 1547 2980 3869 2026 850 408 1136 1991 1515 3268 160 3800 3198 910 699 1354 395 2834 1775 2592 3392 1827 3923 2377 226 2638 831 830 1693 1733 237 3729 3884 1750 1917 1109 1192 41 3948 510 1488 3709 1936 2386 1377 2424 1014 95 1982 513 205 3691 1832 422 1407 3162 249 2826 3744 280 3936 1599 940 3366 477 1368 2719 1015 44 2992 1697 2466 89 1211 58 774 506 917 3195 2334 2856 3391 218 2881 310 1460 563 2571 1466 48 3557 2645 52 900 163 261 1772 1194 1331 2577 301 3570 2018 2471 3588 2613 140 1153 2139 2370 1052 3289 1610 2306 144 713 2960 3206 1742 1360 3575 886 3008 1107 96 3120 3787 3723 146 1066 103 2892 2635 2769 2367 3192 979 338 82 2390 345 868 747 571 3111 2209 2428 363 3728 1843 483 1054 1115 1357 2861 2255 2102 337 3836 1963 303 3353 174 835 1013 890 1907 3293 374 3768 2180 665 3501 125 2205 2029 1155 1678 438 2291 3776 2032 1873 3338 943 1546 3290 2549 2573 642 1849 1927 36 2093 370 591 2692 3863 3003 933 1551 688 2804 2261 578 3197 3583 1105 542 1665 3687 77 2504 1792 360 1095 133 3351 1078 3540 3406 2503 1706 1847 321 2540 1381 2133 3277 1782 3543 1079 150 2652 2322 3669 19 3194 1512 2952 3272 3882 964 721 2136 2903 2028 156 2922 1659 2935 3599 2331 1711 3862 672 3605 2730 3700 3558 1597 1978 3758 1558 1069 1720 3592 2302 1133 1519 2004 3821 2211 1627 3044 3858 2469 564 2371 84 1132 111 1370 1960 2789 3552 2637 2790 2758 2140 3760 1886 2203 1966 199 2294 2972 1334 3347 1361 2509 3146 2074 355 3083 3574 3865 1306 2398 3382 1545 1758 3941 51 3931 2194 423 3324 470 924 3209 1735 1065 1219 3385 3045 3974 1954 2756 2336 1 2819 885 1077 1495 375 3101 3631 2751 3373 1445 3554 2641 1643 1401 2917 2981 2536 1242 951 3036 2542 3786 504 2766 912 2700 3010 3032 705 3404 893 2119 947 1325 3463 1461 1204 90 735 2759 1795 2011 3660 1440 530 884 2220 299 815 1501 2870 2955 930 1202 3971 1811 1912 2117 2579 908 170 3531 3590 3838 2047 2811 1543 2659 2779 1094 2778 3476 1279 1259 2650 2767 3539 3446 167 3734 2148 78 549 1876 2417 3933 693 3040 1462 711 3438 1749 1559 3634 2285 805 1413 2768 3587 2281 629 3199 1302 1530 3909 271 3449 2584 254 3816 3075 263 2427 3652 2537 1641 3029 2187 1412 2996 3078 1718 2483 519 2327
0 345
2335 641 2000 3264 2776 3444 3230 827 2206 808 587 3304 1594 359 425 2622 731 1621 434 3411 2224 2311 1463 260 2742 1376 3679 169 1344 2587 812 60 1290 3269 3172 81 2208 2689 524 2669 40 1608 936 2151 1030 1165 1680 1745 2973 1365 809 3686 398 1822 911 1937 876 1676 3283 1236 3487 70 2665 1295 625 3680 2886 2854 2046 3016 1150 3959 1055 1454 1561 2456 3737 678 1840 2111 1174 295 2498 1088 3730 3006 2480 841 763 2387 1432 3890 3699 203 684 1593 2831 643 1629 1579 179 3567 2392 1195 3528 3542 1378 1430 1980 2482 1536 1921 3027 1995 1498 3808 3071 2343 366 3425 1276 3764 2122 3479 2488 1420 1993 1859 2479 1171 3972 2829 1531 3370 2332 2932 1894 2593 1170 1723 3042 990 1003 1861 3986 3672 2019 1703 588 1324 2602 785 2484 32 618 2578 777 1051 582 3275 3342 2267 1988 267 3237 2272 63 1123 3452 2661 1675 1854 2145 3545 2318 2522 845 3217 818 3864 1537 913 3662 3407 2810 2147 2545 145 443 1382 1885 1277 1021 1451 2495 767 2033 2547 187 3196 1584 2163 2513 2883 2910 2496 1299 682 319 268 2562 814 2411 568 3349 3498 177 1500 2397 585 162 1166 1692 550 3227 3814 3379 2339 1384 651 2325 2172 2254 2077 3350 2057 1730 1893 3355 987 1507 3266 1045 2859 3851 1036 3621 3659 2189 760 3459 2415 2245 1081 1227 728 331 3135 1540 2103 3624 2843 2913 2915 3935 3380 3367 269 1562 3810 3123 3480 1399 3058 2060 2735 963 3181 2631 3960 3908 2393 569 2448 2753 3963 2012 2616 2406 3492 1604 3856 2181 716 2739 3917 3692 1271 944 710 1184 1613 2244 1780 185 2100 1699 3251 2561 114 1736 3152 2839 2909 2212 1714 3666 616 1586 2143 495 1238 240 2315 2359 2624 1002 257 219 3894 1417 2630 3299 3279 2075 1173 1725 2727 65 2906 2014 112 2946 1831 603
6 430
2511 1057 3296 414 3822 1162 3496 3817 1258 717 3718 1617 473 2418 3591 2991 1863 2798 2879 1409 1438 406 1767 3940 3009 1550 2412 1185 3704 1871 1972 2157 2919 1508 2755 3578 904 3439 3780 2423 657 3443 860 949 1468 1319 1273 2490 1289 415 3608 2501 3484 1915 113 1152 3234 2439 3846 2797 2714 2706 2399 471 2657 1223 3179 2685 2260 3126 2781 600 1315 811 2821 2265 1525 3106 1529 3881 753 3077 593 2499 954 1802 837 1724 2156 3371 333 3712 2728 3348 2067 1220 2001 3428 918 836 3417 429 3979 3017 3119 3138 2720 2734 2715 287 1233 3278 3303 631 2608 3627 2237 3569 1799 1086 1106 756 3037 3503 1783 3918 2863 3875 1833 3 1093 659 2784 3719 71 168 401 2416 472 3868 3998 3186 1375 3632 2868 1823 2356 1996 1200 2762 2375 1636 3458 3294 1075 996 1568 1892 3654 445 1145 2455 829 1946 3465 1224 1351 2354 2847 851 2154 364 3562 1177 2193 1241 2362 1414 1582 3175 1611 2472 3903 204 2743 1766 1446 1857 1965 3118 3876 1528 352 412 973 1487 494 1518 467 2384 2783 3513 3586 793 3073 512 2326 2596 2788 2292 1649 2168 698 2746 241 2786 3408 2855 1866 93 357 1779 348 2467 745 3149 3287 69 3717 3967 2092 297 701 1805 42 151 15 2851 3368 3226 1973 2435 580 418 351 2954 3689 3221 742 1635 1058 3171 17 213 1300 3996 925 1039 3893 3619 80 899 736 1167 224 3398 1292 1987 1592 3825 2035 2269 1304 1198 466 810 2998 1553 2699 2473 3085 397 557 3533 1826 696 1689 3478 3798 1939 685 878 227 498 1146 3673 1943 194 214 2247 2278 3384 391 2010 2733 882 3635 1983 3048 3914 2900 3451 1620 2438 3571 447 239 2738 1001 3318 3802 2007 1785 1489 1887 1999 634 3721 1754 1374 1275 481 3062 2566 2443 1509 1929 148 273 3432 3823 3208 1229 2064 1027 3210 3222 2099 3323 1346 1640 1448 2695 2813 3112 3418 101 1252 3147 3241 20 3471 1018 842 3060 3378 2660 1008 534 3189 2025 2937 971 1942 3061 3582 1247 1392 3509 2780 804 2837 45 2697 761 349 2953 195 567 2974 2930 932 3238 1605 1245 26 2177 1869 2841 3117 2009 2450 3745 1416 1602 923 255 3442 565 2889 1820 2184 555 1656 654 474 948 1522 436 3829 2723 950 2430 1712 3343 437 378 3877 1163 674
