6
6 1014
8365 10576 9256 8613 630 273 2834 8698 10107 10507 10089 4085 2204 11429 7448 8771 2021 11974 8474 9815 9317 511 6904 1958 8824 1649 6795 7108 3869 5788 3942 169 3471 408 6738 6744 2717 9025 9817 4075 728 7366 2504 3538 7815 4211 6516 5502 11741 2669 8121 11489 1635 8284 724 11857 9071 8298 8847 7656 3362 5711 7074 5608 4918 11246 7690 7245 5733 3637 5859 7838 2746 4875 10773 1724 5299 5653 8404 410 9814 3697 2059 1286 5556 1694 7260 1987 4336 9775 8646 1922 6424 7126 8606 4943 8812 11636 11828 5415 11838 4105 6746 11343 5494 2604 4134 10345 8882 7531 10422 6388 4948 5193 5620 6261 8885 9014 7240 661 2227 4747 4776 8985 9921 5882 6888 5768 1136 1736 2581 6332 5132 10138 4635 3882 8203 2343 517 10977 10783 4349 4436 6584 7120 11897 3986 7556 3782 4066 8407 6670 4763 7618 1570 8128 5384 4161 9391 5480 1525 10130 8566 5049 7069 928 3007 5245 119 9005 6785 5071 4032 1365 4248 5270 11895 11353 3758 8830 1226 567 4886 6659 9988 9910 3939 10516 10765 3393 4780 6946 7219 5295 4151 7157 3734 8492 10814 4235 11722 10115 11379 3893 5303 8791 10690 8990 2366 10843 4850 10511 139 286 7049 1121 2895 1367 6111 4563 2159 5088 9706 1624 4398 696 9903 5922 4401 6278 768 4589 10871 4781 3778 4267 2156 10493 3036 7999 8520 5052 1182 8102 6072 2675 8551 1451 1164 1465 8374 483 6656 4255 3061 1488 7265 6592 10891 941 11572 6458 10987 9216 15 6595 8269 5572 6876 7168 9141 9311 7571 2637 996 7338 6688 8214 8495 1371 1835 5910 2195 1181 6679 11280 10445 672 9530 11713 2302 7505 7596 2879 8560 4789 8973 6958 7024 966 1831 10708 6030 3181 3139 2235 10732 7861 11877 1765 1787 2990 10474 7640 2941 1427 1568 1640 2475 4939 2076 5255 8012 11926 2470 8976 3399 7615 6596 11696 3790 6269 3660 8312 3532 6088 9510 2783 5019 11264 9618 10552 2952 8265 6341 7814 6500 2935 10694 7347 6794 10476 4867 489 8704 484 3658 11984 799 11418 3448 1435 5300 6052 6608 3003 3119 9303 2196 4723 211 5329 509 1124 364 6210 4626 7510 4469 3589 4414 499 1752 5091 5359 395 10837 8954 11268 646 1042 4186 274 1329 8479 10761 7954 6706 803 9268 10993 10399 8988 199 9657 1763 4996 9632 5360 4153 8117 11397 11142 3187 285 11377 10119 8353 4795 2804 3023 3151 461 11163 2926 11413 2528 2567 6867 3275 5816 1356 4124 5636 8609 9919 7986 507 3617 8283 463 10729 11525 1064 6037 7063 7209 11617 6368 6417 5465 9909 5972 4627 662 11533 9494 8966 9322 1925 8586 2212 1 6990 9323 2148 2439 7184 6292 2472 166 10559 8529 8842 1127 3265 3421 8082 10606 4174 6308 9064 8355 6922 10087 6400 3548 7845 4517 1713 2099 10329 10514 7318 9558 9697 6675 1087 3967 2351 8684 99 2397 9100 5177 8557 7923 8252 8645 11034 10779 9654 7005 10903 5831 3266 1792 3992 1163 1122 9532 2022 6331 7820 2019 8907 3064 4127 6523 423 1521 5446 9821 2047 4797 1137 5310 4716 8399 7673 7977 11068 2970 5752 850 11472 6211 11356 3588 8540 536 8543 3094 1391 6825 11438 11852 3219 7727 3186 7971 3463 4259 7512 1328 5855 8067 10677 8498 11085 1178 5435 3784 11619 3408 3635 10520 4408 10408 2612 2780 4979 4718 4586 775 2753 1872 4253 6469 247 8776 11614 10082 6787 3525 2868 2425 5256 146 3125 3666 469 3839 1153 9797 332 6817 167 9958 8454 11310 5964 6130 7239 5564 6180 2000 6150 11748 5003 11560 11739 7779 4140 10117 9537 8881 1587 1956 8346 4181 4698 6615 2711 2752 830 7616 3605 1119 40 4502 11332 9582 2648 2542 10811 5462 6257 176 8914 11189 4641 642 1109 8788 2920 7933 7760 1795 6526 10753 597 10659 9755 11064 6233 8865 7386 5731 10224 11861 7277 3938 8119 11626 1868 11683 988 1281 10189 6542 10946 6340 2968 7671 10805 3899 10930 11766 6658 11918 1914 8342 10467 7950 11689 7313 5783 3785 7111 5258 4934 9334 1172 8255 11098 3478 11092 104 2588 11094 11205 7936 4042 5153 2827 6384 6802 7367 447 9865 7181 6639 3568 637 8556 2701 1665 2479 9950 2969 11819 36 8416 6025 10431 7724 8687 1811 9832 1574 5981 10100 4431 11398 7377 10283 74 10453 10648 10830 11213 86 9044 356 10776 5994 8016 8844 7026 3593 647 6970 2683 6982 7895 1399 5660 3515 6549 6903 11937 2545 5227 400 10979 2202 1893 10907 11038 4206 6534 2859 6994 3500 3619 4200 6271 311 6868 4535 3365 11495 7604 11461 5375 10925 5613 129 11318 9890 444 2841 7792 9419 9670 6854 6021 8825 2079 8948 11847 5899 3873 11114 7627 6433 9422 11846 8287 5481 10533 8725 320 5168 3792 10712 2784 968 5257 8133 5077 4585 25 4359 1191 753 9202 5441 2511 5201 11986 383 4685 6939 7669 10308 2901 2932 9754 3879 5757 1377 6710 2820 3407 910 1223 10969 1512 4053 6826 5362 5474 8793 6959 7354 571 6382 4806 1263 4443 6109 6247 4518 1312 3970 3004 2818 5728 6318 7229 7521 3514 10044 4998 6092 791 9207 224 7664 2163 3851 8614 11480 2582 7633 7552 6748 1068 4609 3193 8804 9610 3130 51 1475 1481 8602 10608 2437 8774 942 1652 2554 1085 5603 1899 8345 1755 3603 1155 5319 3280 11291 7410 2111 4827 9995 11251 5333 11685 1499 10572 6969 11431 8592 3294 10700 8555 3862 9845 9983 8890 4511 1376 8527 4639 5237 7810 8918 3055 8299 8428 4362 2243 10581 3348 1053 3753 2170 4663 4881 5684 5706 4394 5191 3213 5530 1510 636 5988 9700 2996 5857 5723 2993 5611 6474 624 1108 11159 5554 4183 9741 1876 8289 10240 5476 2153 8459 2596 1288 7747 5879 1511 3770 2960 7613 11372 7561 7712 4974 4791 30 10428 2599 11485 11008 5076 11654 11488 5581 8180
26 2423
8442 884 2203 4755 9348 11671 10054 4573 6044 6413 2547 3973 4109 5949 6397 58 8700 570 11922 10456 8437 4902 4946 5353 8065 7403 9173 9414 1448 10040 2478 4854 8037 10630 5414 6514 6518 1425 2035 6707 7867 8580 8959 9032 2330 2863 6110 7862 7567 8434 9397 5667 871 939 985 3922 4133 5346 8723 11386 4529 7010 10209 10744 11051 4648 6642 10279 10165 1985 3875 4365 4742 2840 4226 4717 1797 2910 3499 8889 9318 1571 1825 6376 7918 9388 9420 4081 7295 9376 10590 3445 7384 2572 7164 8424 1152 2290 2389 6409 7358 2486 325 658 9441 5200 6077 6309 598 6160 3080 4842 4049 6143 9430 9933 10094 2049 4894 1531 3835 4002 9096 2436 2497 2526 3757 6568 886 3761 7559 1352 11203 7036 7344 8447 11647 5644 213 526 1382 10116 2689 11115 3165 8410 9986 9503 2495 4848 4866 5150 7649 148 9075 10583 4268 4817 4914 8525 11479 4674 10598 4009 9897 11321 8676 2456 11309 8354 8902 8983 10097 6067 11060 11848 4980 10685 3170 6751 8807 2368 1206 11519 9599 3868 7587 3651 7687 308 8773 9978 11178 8291 9905 3124 10411 10760 3359 7812 8849 10225 5422 1280 9835 7428 7635 2277 144 854 5004 398 8014 750 1195 1607 955 9363 4897 6108 162 9248 9516 8308 2552 4936 6026 6415 559 10727 11681 7682 503 1194 9934 4301 9673 3746 168 3099 11809 3668 10121 2406 890 9751 1569 5591 7020 300 9315 10314 4925 321 11449 5218 9535 1485 9989 2515 6283 3092 3483 295 9273 478 804 2013 11997 4026 5264 9350 1247 3453 3981 4659 1955 11880 8995 1220 9762 1604 3656 288 937 2304 4413 9513 8387 10570 9825 2953 11177 11364 9016 11682 9520 2468 7885 894 2353 2336 5518 11729 10396 11892 4330 5714 6396 702 9174 1541 9868 1995 11089 8811 1834 4905 8246 9491 1450 2341 2815 4117 7490 692 10193 5784 6392 6614 7464 7509 8026 7851 5332 7527 8708 7199 9022 1092 5172 10463 3120 6515 7818 9270 5344 6245 9117 3581 8856 1279 1468 440 8861 11171 8431 9956 10260 10806 11138 55 9525 3131 7256 1429 2248 10919 3613 6274 7249 8076 10801 6457 5460 5575 5740 6053 7224 1993 6480 7016 8239 748 9536 4284 8401 9116 6637 35 10928 3071 958 10334 8201 9134 1497 9848 3357 3837 8150 8382 1368 11088 3189 3742 8972 1305 11091 5756 6911 8794 7800 2364 10923 3021 3975 6012 6385 8184 307 2220 4360 5878 6860 11894 6965 7785 5548 6028 6894 682 9201 1311 1666 2050 2591 10912 11435 4570 8426 2101 2678 11382 10173 2488 2120 11740 4147 10627 3387 5847 1231 3157 11712 4137 403 4297 11450 5958 472 1215 9607 11583 3620 3842 2602 11260 11954 5442 7607 10273 667 1981 2594 3384 5012 8311 6444 7169 8250 368 1370 11283 3132 5274 5454 5470 6673 8536 10002 10859 6933 7990 9691 5814 6426 1509 10797 6303 6957 342 362 1268 9951 1785 10998 5503 4090 1306 11373 6479 8051 742 6345 714 5499 3858 4712 9355 3648 4143 5276 8563 6450 784 3078 11297 3688 4384 7008 10016 2441 11908 6828 369 2524 2635 3759 6930 6954 7056 479 10261 6306 7721 9099 9331 7476 9275 9971 1862 2301 2506 11145 5753 705 1671 10126 5327 5336 9734 1800 8142 8843 10026 6439 7504 9325 4819 7575 10917 4482 7274 2569 707 9702 2893 4932 5571 5750 8397 9264 2116 5645 5523 3936 6689 301 5691 5805 2261 5184 5676 5115 5244 8131 1066 1184 4724 1227 1486 6350 3741 3427 1208 4912 8762 10809 4028 5557 2578 2800 3286 11623 5254 6466 548 1609 10857 4967 10063 2038 8372 1083 10473 645 9829 3201 1197 10551 3067 4243 8754 1436 7302 3424 3890 6839 8635 9377 4000 42 493 9194 11542 9428 11687 6603 4175 9553 1418 3543 7361 2531 10889 3905 3530 3737 747 10047 2141 2613 3442 541 616 9073 1128 2380 4148 4221 10312 2516 11174 7414 2150 3284 3993 5697 5775 7312 8974 1031 9356 1359 814 3072 3950 1687 2176 10446 11772 1762 10274 2557 689 1584 2223 10965 11078 4477 9153 11531 5517 1096 9891 11760 6311 6752 379 9324 6300 370 8749 3883 352 10475 7630 1658 10021 2975 3856 3870 7284 8219 10544 11048 3417 5475 5895 11428 4792 5094 5630 5887 505 8917 1593 11520 3990 2091 3197 83 2608 11161 2334 5666 1721 3496 3954 9123 9543 1971 11330 6169 6251 7624 10629 10828 2987 8306 10114 11140 4839 8357 1746 2634 6871 8992 11516 3644 7601 8895 10512 3154 11775 4086 4212 10011 2356 4006 7454 1908 10102 3599 6337 8669 675 869 5486 9784 6727 608 9576 10113 3580 5025 5417 2073 5231 9107 2347 2391 5615 613 9122 946 1118 10468 10733 11524 4416 8178 2407 3849 5833 6832 8157 315 4693 525 8883 10247 3069 4299 1764 7007 11690 7737 9261 3022 6882 7497 2532 11399 5875 6040 8455 10714 2959 2476 5966 7860 3989 4937 10156 4628 6275 6313 9242 2009 8545 2234 10673 11795 5456 7511 7912 8231 9253 3836 4506 3111 3441 6708 7917 2418 3400 10229 2349 6158 8002 888 1916 4604 6797 9081 2685 4959 7551 900 4126 7390 836 1601 11742 3786 6513 6739 7283 10076 26 6572 7337 9820 4203 4805 6045 1331 11753 4103 7050 824 1337 3526 7278 2323 3173 4601 7471 5242 5429 6640 9034 1059 2898 5212 5524 6138 6657 7662 1682 8522 8815 9277 1161 1712 6475 5246 5905 284 11448 8721 9625 11807 5687 488 9509 11975 3859 7951 806 1177 7535 5631 5743 6230 7306 9070 2315 3314 4552 4068 5008 916 970 9267 10364 9421 2940 1157 10035 8323 8636 10722 7831 9478 10266 11117 2999 3433 8176 216 8534 441 1693 7545 3654 5501 592 9556 10717 2696 5428 1123 4649 11658 9655 11405 4426 6371 9504 9778 2053 3192 3937 10252 2074 5439 5865 6856 106 3830 5205 8277 9866 1847 537 11471 10671 7981 8301 10336 7908 812 11039 5745 6602 10179 2269 4473 6809 1294 256 8903 4603 7092 480 8672 1453 7972 6762 7443 8192 8984 10275 8831 4176 4376 8085 8612 7423 5570 6355 2408 11565 5889 6017 11287 11466 6662 1539 11130 7175 7433 9088 10277 11080 4512 206 8680 2054 3235 10813 11947 5498 2853 1180 9722 10491 5664 6792 2285 3347 4602 8118 9526 2178 11004 5751 6027 6140 7376 4409 4976 5755 9724 3217 4744 3105 7605 1019 9232 10251 2525 10758 876 9283 1375 2363 11439 11610 5549 5955 1406 4513 259 11071 8145 2167 2291 11503 3349 4223 11600 3769 5291 8867 10853 3571 1114 7308 701 11315 6781 8764 11832 5561 7813 892 6121 6157 6372 8682 9595 4442 11707 6172 10890 3113 11767 4455 4658 5926 72 195 1373 3565 6749 7432 8564 8732 9665 9800 5089 5573 10826 2741 11285 5686 326 10390 11437 6892 9423 1439 10721 11928 8593 459 8870 2090 10348 5786 6440 6611 7594 9329 2318 2703 4110 5196 8581 2597 2789 4574 7892 9963 2149 6060 3440 3642 8137 1010 4684 6485 7937 1912 2274 2560 5782 9710 1833 10898 3282 10488 3912 4332 4561 6137 6357 8798 194 3027 3476 4614 4877 8069 8499 9029 1034 11304 3462 5801 7980 10709 3351 6354 5308 6171 6697 8925 1244 10360 11211 3385 4367 7486 8221 1480 3699 5447 6735 5458 6223 4808 9733 10401 5729 6705 7666 4195 5369 1462 10975 7023 11391 7342 8913 9661 1500 10663 11676 354 2670 3878 1654 3901 9135 4228 7193 260 11552 3949 5455 6344 7237 7045 1592 4608 4938 7086 7566 7784 9378 4571 5440 2270 3134 3247 5059 450 9401 5399 7542 7223 10879 11695 3848 7116 9291 5301 6302 8663 9168 2643 9185 9882 7001 7968 9142 1167 3115 11434 3268 3291 178 10494 2317 2714 1596 11802 2988 6719 8024 659 8901 9165 1520 6131 1552 5158 6116 6364 9473 9802 5683 7657 350 754 11061 3138 8232 683 9875 10264 4746 11400 860 11112 880 1812 2058 10755 11149 3447 4683 6221 7887 10707 5914 6562 8617 11338 6765 7449 5304 9209 9946 11445 6430 7623 1023 1857 52 516 1470 10531 10584 9119 11613 1309 4355 10159 7794 8259 8805 1809 10833 2705 2720 1664 10098 4159 1871 2298 2314 4919 6625 96 10985 11093 2965 197 719 10719 77 11563 3428 3552 1201 1742 4801 8425 1235 10885 11347 4879 6756 8800 7718 558 2835 5223 10228 5719 6610 786 10103 11075 8098 2756 5851 5785 1293 3487 7573 789 11326 11370 3210 5307 6987 7473 8905 9667 1634 10238 5188 6567 6850 3696 708 3876 6270 7915 10893 5385 8506 2208 3075 3350 6472 8315 4461 8836 9669 9911 8380 8507 1160 1689 10735 779 10872 11771 6162 2182 5585 6305 10080 4555 121 981 3710 5726 7 9180 1771 3951 41 11812 4347 5531 9828 6934 1466 11728 8369 9360 2263 11164 5427 2722 11701 207 10053 2502 6142 10246 11559 5794 10019 6019 7679 8258 8296 1302 7538 7767 8003 8430 1408 5747 6050 222 10338 2375 2787 11202 8054 1095 6073 11284 9265 1751 10231 10365 391 863 2142 10877 11266 6193 7197 3242 6135 9132 7881 8572 8611 5846 11099 6222 7372 7874 11160 11746 6865 7426 2731 3042 2529 2759 11070 4388 1236 9653 10900 7208 7726 9301 9458 2303 11589 4990 5136 8419 9567 11967 4331 6154 4391 6931 4554 5598 9380 4883 6716 8911 9395 1547 4372 8481 8737 6560 11420 3250 3547 3639 5826 590 1055 2252 10593 2862 3582 10558 4499 7183 7319 950 9647 9753 11874 3630 4909 5576 7098 7481 306 9467 1343 3783 4474 6814 7956 8286 3032 3895 8029 9212 6242 324 1605 10655 3307 11708 5331 6574 7978 9260 9896 1731 4873 5371 5808 6671 8524 10058 1385 5534 745 7506 1617 1996 11087 4522 4686 5045 8390 9160 110 580 1754 5145 1816 10782 2980 11836 6054 8470 9437 1598 5054 6783 7488 154 8677 2626 10288 3233 5098 2046 2311 5540 8494 9886 5506 7507 2237 10622 125 289 518 3586 8705 11594 739 9601 1735 10430 6870 337 2636 6728 7081 7632 1545 1804 6374 6464 309 5639 11574 11999 3941 6206 1143 11602 893 2483 4070 11021 8086 11596 4816 8200 681 8204 8893 9385 4726 6220 8891 6076 8007 11118 5781 7415 5170 5370 896 1076 1140 6215 4750 7015 9562 11684 4963 7336 11825 9290 2386 4731 31 9498 11621 4922 5006 5363 8378 10420 5538 6170 10996 5372 2743 1461 11911 5280 6112 7897 3277 3449 5884 4568 8218 1725 10425 5207 5789 6091 7170 8278 5646 8048 8206 1745 2011 2501 2760 6002 9002 2650 10856 7194 9344 9695 9959 6069 7419 9131 5120 5519 7469 9439 10271 10686 5563 7147 234 2373 3422 7574 793 5545 6166 6857 7786 945 10509 10547 2376 5701 8173 1203 11455 7691 9707 2754 8695 8801 9214 2066 11505 189 8999 9517 10950 8968 2017 11511 8084 2828 3469 3558 365 9739 5749 5932 11212 9176 10878 1773 7524 2823 11726 4293 6813 7227 933 2482 3006 3281 11869 4397 8138 861 2688 11393 3814 9716 11157 11677 4472 825 1877 10253 10327 2573 11276 2104 3528 972 6545 984 9184 2339 10609 80 5412 8874 6734 10181 11551 7626 8703 1469 4993 11013 3722 4940 7124 7251 11624 8591 1003 9411 3892 5861 6845 9742 6007 7932 1761 5154 9374 3680 4017 7841 643 11375 1562 10295 11331 6470 7127 10110 2197 10569 10536 2555 2706 11433 5704 5984 7254 7651 11586 7134 2267 1158 1866 3312 5778 10718 90 8573 9954 2181 7113 9620 5547 5675 7864 1472 1799 10393 6589 1078 9392 10915 5408 8245 6291 8537 5672 6099 374 9788 3331 7827 9144 1282 9837 3491 5404 7059 5845 6380 11736 960 1818 2117 4180 5787 6767 8222 3726 4004 6694 382 2571 3604 6772 7042 7777 3230 5338 3302 11571 4240 10300 3423 11294 1646 5505 7349 1218 9887 3182 11522 10756 8488 348 1903 6476 9581 3223 11508 11 9314 11946 6511 5799 8448 1200 1278 7803 1778 2331 4115 10311 6616 1719 11611 3700 2345 6847 7427 11436 4373 4829 10194 11972 883 10976 5229 8182 11011 1534 7264 2921 343 8688 9594 11625 4322 7243 7515 3338 2423 5278 7434 429 610 9495 4193 4270 6736 7758 8624 9440 10378 6554 7953 8087 8237 663 741 9617 2944 4327 8011 6038 7409 7769 9512 3627 6226 9047 4655 6294 7406 11706 7899 8505 1707 9737 10276 5079 5272 151 9590 5173 7207 7226 8111 2565 11532 6260 367 1162 10982 11830 4292 1185 1896 2016 11801 10015 10786 2843 3376 8123 8155 9451 1697 10373 11513 7118 7232 7289 8711 765 11194 6031 6693 8305 482 2687 3460 6414 4091 6449 6623 7738 10921 82 7849 4567 10599 4807 7537 78 9957 10523 2860 4504 7701 2078 2312 2913 5709 9616 9645 1495 11916 5739 4335 8104 8661 8960 9246 1614 10910 3659 4821 6634 7014 397 9479 10462 10821 4037 4633 4849 6886 262 2951 11856 5712 10540 2399 8320 9339 7868 122 5748 7891 1673 4123 10519 6999 9231 1968 11244 3832 1753 3750 6057 8862 9399 11499 7293 6361 81 9390 2165 3057 11888 150 3610 4988 5779 2329 5718 7460 8790 1051 3323 5521 6163 9383 10769 2400 6720 523 9192 11715 1459 1796 10043 10736 5587 6546 9196 2405 3363 6924 7663 11032 4774 2222 7643 2249 4478 6145 8878 9906 10303 6153 192 10004 2725 10971 3218 10104 2665 2802 11593 4468 6183 9476 10938 11497 1505 11265 3183 1430 3388 421 2045 5868 7285 4136 5340 5938 1004 1856 10297 11730 3910 7970 3133 4782 8266 2803 11270 7027 10285 7637 3861 11215 8775 10048 10175 10451 11492 6018 6581 6978 589 6465 2549 3369 11965 6320 10045 2615 11936 9646 1703 4653 7241 1563 2771 6003 7670 6538 550 10530 3751 7305 9746 10174 11035 5013 5100 5717 1393 7110 562 3405 11867 4287 6285 7431 669 870 2107 10669 1631 720 10352 11150 3172 6316 907 9252 1556 2288 11633 11933 4112 7041 8394 10003 2338 4333 329 614 8857 7608 3161 4390 6768 5099 1826 11424 9656 10802 2668 5286 6343 670 9357 10683 11101 6600 1384 9545 10812 11800 6663 6807 4378 6563 7332 89 10943 7843 8444 10902 7839 8597 777 11109 7144 8648 569 4036 4298 5388 3527 5016 1967 3176 7065 9223 4412
8 2000
2914 8550 2030 4836 5283 7709 8596 756 1881 10764 11806 5734 11131 8726 1756 6495 6638 11010 4215 4364 5271 6213 9227 10651 11960 4680 1033 1037 10070 7757 8332 9965 2280 2927 11346 4008 6627 7925 9939 10798 3461 3175 3511 9847 11247 5643 8197 8318 9182 10894 5389 10904 5313 3906 10628 3788 5204 8588 686 8899 2012 10383 10596 2493 3085 3821 5187 7128 11477 5302 9638 2313 5105 5925 6148 7129 9455 573 6674 8996 6504 6118 5103 7865 2645 3653 4019 5526 4670 59 9720 94 8679 2168 2729 11490 11996 5287 7374 9062 3379 5963 7282 7536 473 8909 1048 10578 2007 10775 3148 3409 7522 544 1553 7259 7389 287 8937 813 3262 5492 7572 9671 8653 10123 4858 7984 8910 2209 10550 11754 5820 341 2034 6718 7307 177 8964 3927 5960 6648 8154 8233 8863 9193 10963 3439 3887 7654 2308 252 2499 539 9915 10170 11023 416 3225 3506 5854 1052 10212 11584 4714 5616 7353 5912 8385 1437 2027 3430 5804 44 10737 3840 7875 1420 3780 6329 929 8149 8292 862 1174 11256 5164 5430 6898 1054 1192 1394 8035 232 9133 6418 11727 3800 1582 1720 4489 5765 7159 7629 359 462 8783 8044 8363 766 840 11314 7152 3727 3838 11884 191 9240 9813 10823 5090 6394 6654 7620 9386 10290 6555 7940 6477 9007 5273 1090 6366 8042 2647 5835 904 4895 7429 2420 4758 5965 2849 3677 3962 4395 6512 7082 8273 10322 10359 3801 5061 6317 8071 8944 1340 7138 927 9316 11948 3996 8055 618 9796 7869 451 9580 1873 10375 7246 7340 11327 8650 10149 298 8799 10088 2584 3188 3665 4157 7123 8734 9203 9292 4100 10660 11000 6227 8850 8384 8571 1000 1299 9993 10490 11840 561 2131 4893 401 2092 4623 3232 4239 4779 5070 8575 8835 9589 10184 9920 10626 11507 3508 7078 9662 8039 8412 185 8756 1315 9899 4820 8423 5236 7244 8464 11016 11095 9299 4745 5010 8077 796 9137 9302 6963 7902 474 8877 3293 6745 579 780 9308 2037 10302 2272 2842 5876 6692 161 9953 5811 53 9981 4762 8187 10481 3723 4080 4756 6205 8019 10951 11810 5199 3264 1075 1976 10208 11995 5042 9877 1760 11674 4591 7516 9894 8022 293 771 969 9698 1802 10429 5625 5934 6759 37 602 9505 10899 11462 7782 10332 11780 7628 10866 6955 7619 8053 8293 10406 3676 8160 6831 8763 8971 1741 11316 4249 4562 6695 8797 9769 5528 1775 2262 1339 11344 9393 10906 915 11711 5812 5552 5791 8169 1324 6905 7192 889 9310 1325 1983 10774 10892 7914 1104 2972 7013 9409 11993 660 3952 9327 3625 63 10956 4125 5698 100 8724 9998 11483 406 1494 11234 11243 4525 8736 9629 4020 6410 1989 4855 5357 7343 470 1860 11826 3358 4325 3162 986 3661 10796 10966 5871 7942 10201 9838 8469 10555 155 1447 7156 2930 6800 2616 11905 3998 8643 691 2654 3252 3798 8189 1952 10423 10720 4210 2041 4700 5484 8174 2087 7568 7961 153 10335 3806 6913 268 3772 2020 9296 1395 551 11630 3465 11692 4039 974 11262 7740 6947 4065 4891 9358 3484 6944 2094 6192 10762 6912 218 738 9098 7346 9514 1147 9824 11662 8601 11914 4285 4328 8058 619 2577 6494 11254 227 1798 6823 8367 1026 1265 8093 2137 2663 5951 7717 8021 622 2381 711 7315 475 10341 10864 8359 8432 9588 3372 6966 3 10844 10200 8393 564 11123 11128 4533 8746 10221 10633 5347 276 2230 7771 7888 7975 9345 11122 11271 4606 5843 8900 10361 6606 8112 1948 7958 9050 9412 305 1110 10317 11324 6359 9371 9942 10715 4410 8211 943 1942 10645 4098 5216 9092 6907 4294 6423 8226 413 6617 588 5423 9844 3935 109 716 2523 3850 5335 6177 2964 11755 8411 8667 8951 9676 242 5596 7461 10746 6356 8837 2147 2378 5420 3248 5169 5395 2775 11501 7039 8268 1845 4768 7211 7523 1651 10141 944 2193 9592 1444 5259 5841 1748 10672 6573 2077 4163 5436 7526 7742 9761 11694 2938 5281 2337 11113 3415 3609 2382 11769 5082 6711 9497 1442 1212 4595 7090 7830 8859 693 5915 2088 5160 7976 600 10538 10874 9090 2538 2776 4021 1477 3443 6585 1538 2359 6455 11146 6579 7595 5568 6133 963 7326 8336 2069 11486 7487 2361 2807 7569 8190 9819 9856 10529 11408 4851 454 6605 3881 5904 8668 8979 11605 7263 940 2864 5352 5999 6487 1057 9841 10012 8001 9792 10118 4278 8655 1999 5290 11084 3618 1426 4264 6873 8015 4727 4621 1657 10340 2934 5009 1641 2609 7966 7988 47 3191 961 10349 3303 5044 8561 9051 9870 2166 2452 16 1405 11238 7495 2411 6325 6078 831 4616 8848 10984 5777 7696 156 355 9020 9579 9664 4962 8 3207 11404 11628 4480 8517 1690 7989 27 485 1637 10870 10974 7364 1088 9948 6906 1815 11267 70 10017 2485 3136 3807 902 2444 10962 3368 97 10525 11040 4913 6559 8820 9425 7871 71 6713 1611 3507 9072 3026 2372 4681 5656 6066 361 3638 4199 6864 8546 9489 10478 4941 1115 10434 10546 10713 7408 7102 7741 11777 4991 7287 1978 9030 10957 6962 7360 10005 5489 1813 3928 7500 1548 10148 4699 228 712 3046 3601 7225 8662 2530 10861 3259 4191 5903 9465 1565 10657 2797 5289 5595 2048 10973 3116 11556 377 9863 3038 4630 7104 7653 7993 22 10403 3087 5883 7683 922 9263 10834 7178 8922 9001 6168 7179 4534 5081 7355 7582 8840 7446 7543 1253 1514 3825 2072 11703 1529 10875 4600 4986 323 1839 2540 5828 9028 3592 6346 7035 8115 10111 5599 5997 6725 1919 7233 8371 5112 452 2562 3931 9596 5156 7715 9145 1953 6769 7180 6544 3295 3167 3940 6676 2198 6521 10710 3106 3290 245 346 7261 8013 11440 2335 10884 11478 4424 5692 816 1557 10664 6520 867 9885 11824 7483 611 10350 6936 10269 10888 3263 3907 3971 5648 7528 11672 11765 6613 7590 9103 679 3663 3754 595 11764 5111 7776 997 7553 1496 11186 3693 5409 10670 7061 5976 7700 8179 10725 4597 7579 3088 5117 4615 10460 11172 3185 2664 3833 4582 4093 4448 2379 3945 4272 6310 11451 4084 5839 436 952 11816 6447 585 9651 11868 5633 8935 2063 2271 3631 687 7453 9462 5055 5670 6301 9524 3084 6259 512 11521 6771 10754 8675 1080 7804 9112 2409 10368 11538 9008 3311 5867 9162 7622 6510 3009 6690 6917 8063 439 3988 9649 6928 8227 10041 3389 11649 11979 11066 1685 10592 2401 2736 6666 11125 11389 4454 9893 5005 11135 3011 6863 3373 10565 4584 9128 1842 5637 846 3775 6152 6165 575 10724 5175 5985 179 4022 5952 8568 2989 3272 5605 5623 6196 8504 4494 1210 9759 10607 8750 9337 9368 10124 11731 4382 11274 11688 8739 1945 3608 1939 11216 9674 11369 6296 8752 9941 6777 4880 8827 764 1318 5577 6651 1313 3251 5902 456 1473 5000 7160 8452 8453 8781 8692 1039 1403 3738 7421 6335 1001 10730 2832 11529 4947 8490 800 1648 6482 1882 11541 3485 1036 1249 10524 11638 3773 7107 9297 1997 2718 3598 6224 7335 6156 9570 1918 6023 1396 9994 1940 5017 6497 2505 10743 6208 9362 1581 3034 6456 695 751 1254 11732 2199 2744 5650 6071 7275 9219 6628 4107 6499 1964 10291 3288 3866 1062 10887 11925 4625 5824 7457 7577 9049 10293 4995 5544 563 9675 294 1619 1333 3787 7475 2899 3834 2152 3451 4108 6161 6995 8578 4587 2686 8457 11295 9830 7946 123 8728 3135 4216 5565 7276 7491 11218 3908 3674 7445 9924 3276 432 4345 7048 5225 10619 2710 3056 5933 7731 9257 9609 6191 1362 2907 5425 5792 1404 11598 3482 4598 4796 11263 895 5314 10858 6836 9975 2136 409 8690 7823 10032 3077 7795 2719 6360 9577 10751 10886 10703 3431 8912 9726 1846 11129 3093 23 10164 6277 6432 7534 2205 2480 4245 4720 9563 4314 8303 11822 3802 7765 9500 10883 11646 4145 4344 7322 10219 10947 4351 656 9598 2448 10978 8056 10065 1910 10771 10337 6770 9776 2535 6105 8122 1730 3826 2742 5380 798 4219 2080 3498 4508 5140 1142 8642 9717 2095 3854 8164 853 10804 11086 11361 3712 11943 7200 1606 2015 10794 8057 887 8096 10586 8745 3143 3289 2055 8526 9862 2747 9056 4222 4334 1610 2103 6370 6635 8826 1074 2029 2306 4565 4062 4377 6570 2081 2447 11815 4082 5224 6493 6539 4728 8148 3126 6643 8761 9305 10018 3827 10296 5208 266 5580 8109 91 11554 4167 634 1627 7617 4896 1772 2961 1241 10496 3929 7755 10382 9970 877 2640 5379 6087 1229 1474 2695 11220 11378 4524 1111 10142 10688 11027 4118 9424 9812 2819 11226 3426 7688 9453 3513 10800 7774 12 8719 4102 4740 4400 5124 965 1002 267 627 2507 3768 6786 772 2157 4856 9743 1757 5975 160 10376 1264 3764 7093 8191 3014 8485 10699 11776 6766 8220 10510 5680 8134 2247 2796 5555 7083 8735 10168 2295 1464 3051 11410 11432 10134 4306 5356 2154 2417 11843 6919 6973 11387 7351 38 113 387 9287 7734 8931 2093 11850 6548 7365 10084 690 1728 10573 8760 5798 11661 3475 4479 5023 8637 6089 677 736 9406 3287 3626 5305 7385 7903 2498 5663 6684 7356 5881 7957 171 8851 9237 1321 6399 7068 1150 4673 10995 4194 2342 11546 5092 4402 6342 3305 3698 5001 6429 7901 1850 10215 10254 2595 5840 3150 11673 10320 10819 11620 6403 5769 6547 10284 5096 5936 8742 990 3805 5326 11744 5909 1994 10842 11796 4863 5888 6914 73 1209 2348 7949 8216 138 951 1578 7206 7846 6049 7948 9140 2218 10587 11719 103 9077 1101 1718 1841 6586 8243 282 1998 10588 4859 339 3086 7388 7407 239 1965 6551 3960 10245 10503 4592 11127 3985 8240 1959 2576 10178 2888 5233 5533 8052 2755 10959 5394 5957 606 1886 9413 10086 2259 8272 8753 9312 1272 3924 3933 7998 8066 7921 8875 10272 1006 210 9197 11942 4018 4942 2426 10820 7017 9943 10705 3457 6961 7112 8864 9023 1284 9538 2402 10990 11380 554 2184 4531 7749 8896 3488 3913 8652 492 3503 2673 2939 11603 5662 5962 7859 9361 1484 11887 2911 9166 992 1992 11232 7066 7077 9364 10749 3155 9009 7723 1863 10344 10726 6101 10129 2782 7612 10566 2469 3304 3649 506 4441 5927 7768 1791 2785 5869 5405 6737 7071 9110 9367 11224 11454 8548 8702 8834 11107 4837 6431 8089 1258 5053 8264 250 8770 2254 1342 2844 4274 8585 2370 11045 3902 4288 466 524 2390 11566 11446 10167 3319 4537 6527 7091 10227 2350 11342 5606 6284 6287 5328 7982 3795 6729 11301 6667 797 947 251 11319 4011 4447 2084 10486 3144 6471 7327 8696 2256 4114 9381 1476 3888 4671 5050 8317 2396 11430 7783 9501 2735 2881 5037 5366 9215 1308 8080 6895 8729 1358 411 956 9370 4657 5720 2189 2443 4366 4611 8290 10934 3334 3522 6182 1615 10634 2627 11705 393 9198 6478 919 9973 11569 1661 1970 2598 4406 7965 3512 4061 7238 8005 9444 6094 244 1029 11878 8417 10381 4793 1723 1803 8017 10654 2739 7680 4488 5410 4230 6721 8450 5449 7262 7674 9608 1869 11154 32 2723 5741 6004 9918 11096 11148 443 1275 10594 1341 2143 2903 11940 6405 5123 8458 10433 3270 4743 7529 8260 2039 6897 11170 3208 7833 4261 6977 7919 11858 5652 671 6503 11121 11906 6486 11116 2947 11225 11537 5780 8094 8254 5348 297 1678 5836 10695 3079 4579 841 6280 6473 11292 3816 4352 9389 5695 10190 2129 11166 5579 10137 3342 4433 6244 8993 1131 9831 6841 8528 581 3559 8310 4775 8033 8898 1097 9415 2367 6043 6098 8400 604 2316 781 2514 1944 11804 1917 6200 8513 1579 9804 11014
3 1651
700 2309 4170 4713 9416 2586 9332 1932 8047 147 1655 10206 11241 5923 11208 8466 9842 10096 2981 3413 7230 8462 9940 6763 9864 5144 9490 10384 11762 9677 10183 10615 10863 4613 8166 1423 11597 6630 3529 5211 5080 10914 11698 7043 11033 4043 5443 5629 6203 11901 3184 9892 3343 6811 11259 384 8647 4432 11509 495 10022 2946 4862 9816 2110 7280 386 9434 10416 11585 5918 3353 821 8175 11463 5266 5689 8532 520 7716 3535 11792 3643 8618 9031 1445 7745 10656 2817 9233 2618 5185 8300 2010 3292 4764 11206 6620 8806 1260 4058 5700 6810 9280 1388 10731 8006 10469 10681 3352 6909 967 6742 10139 5024 6164 11181 1262 11030 2161 7519 380 2025 2221 9013 10177 5705 6446 6989 10988 4772 4798 6508 688 10402 9962 2433 11493 4904 11526 5693 5974 7044 9108 5457 8699 1507 1056 3456 9480 11567 1070 279 1189 1867 8193 10120 10306 8713 4950 5107 7660 4444 762 1806 2192 10427 2553 1269 9336 3977 10632 10061 1151 10202 4644 4475 8352 8768 9433 3864 3898 8712 4490 5230 10092 7456 8196 10049 10526 2904 6184 6375 9247 3474 7583 1348 11190 11209 6881 4031 8373 1292 1814 10357 3587 3371 11392 5860 7268 10112 10580 2539 3760 5655 11082 5382 7707 7952 9936 5250 10188 8628 11751 11985 4840 5657 7597 2219 11530 3607 8079 2416 1588 2190 770 6365 6700 4096 10711 3271 10387 2667 11460 6501 2489 3489 4045 4437 8607 1515 2070 2830 4438 9087 2292 10728 95 6262 7450 18 715 1626 6587 8335 9343 3852 11137 3129 4323 11214 6212 6353 9157 3108 9432 3961 5658 1338 6139 6189 145 8439 1684 10258 3256 7441 5471 6698 649 9648 10508 190 7257 2287 2924 4057 5292 5604 8433 11749 3823 4876 6102 1644 2716 5961 1093 8740 3650 5669 7675 5106 10862 4369 9300 7558 8465 10454 2956 2767 10968 3301 4052 6005 8338 2522 8957 2275 3097 4229 10612 4509 2563 11631 3979 8608 9239 1897 2745 158 11773 9575 1930 11020 11275 4703 8629 4010 5762 9427 3179 7541 5151 8817 6760 6875 7119 9095 9573 5873 10502 721 9276 6095 9466 3306 9126 9205 1991 7829 978 3406 3695 9758 2427 3031 6347 8205 9559 5267 2387 5488 2183 6081 4465 5510 9048 4024 8073 270 530 11278 11335 3285 6985 10249 6950 3520 3523 11784 596 6314 6812 275 4015 10280 3714 9960 1924 4286 8162 8980 2892 1357 1489 10437 3459 5897 7710 4549 7038 7231 2026 5906 6010 11384 8461 291 1858 10377 3537 3843 4813 5186 6646 8350 11665 281 5950 7824 4733 5535 5823 392 2477 5119 6041 6498 6712 7242 8156 5434 11883 5920 8796 2551 3813 7146 7744 8709 11272 5179 5551 7808 623 1566 10066 10684 11627 172 1776 11425 5635 6246 7218 427 8686 3028 7228 7508 991 9747 5942 743 763 6647 3033 6117 13 2123 5699 8347 9704 1805 10522 4271 5238 7482 8008 10140 3380 11655 2032 11941 5039 7416 10248 2721 1702 2556 2244 11074 4519 1854 4838 7819 1960 2558 7235 3963 5674 6691 8396 5062 899 6079 6216 6127 5483 6228 3516 4968 1120 1234 5251 4357 1927 10539 6254 363 3321 9450 3017 11616 7725 10909 11409 3203 11805 7053 3329 9183 7672 2362 4730 1738 3640 5793 10941 5764 336 1502 1859 3810 6009 7075 8947 1947 7009 788 2415 4434 7828 1471 6058 11366 2297 10955 4497 3346 7028 5432 1061 9398 10052 11334 11407 6896 7533 9801 1542 2228 5880 8443 4594 8810 5614 1852 2434 1015 11962 1378 10133 11487 6531 6703 8438 10443 1148 4546 4087 8247 10216 10324 7557 757 4725 5075 1360 9692 7763 10967 4577 6395 8018 7270 4337 8213 5214 769 10692 8136 4227 5770 4927 5790 3561 11945 11348 11403 8120 1975 2838 11484 4869 5252 7648 2253 2619 43 10278 6273 7034 4578 5125 117 10780 5365 7941 858 2534 5487 6051 7681 2570 4691 6509 8262 312 1380 2885 5886 10484 3060 4622 6730 11939 7019 11956 5198 5796 8510 3446 4067 6461 1397 2978 11394 75 3158 2151 11422 8248 6014 205 5378 7889 10613 394 9238 458 9949 11452 5392 1454 10772 2822 11983 6821 9447 10380 5707 8091 3240 10355 11774 4825 7647 11669 4824 5364 9155 10071 11041 3473 5398 7217 7934 2284 3995 7004 180 5987 9438 5165 2132 11718 7370 9057 8188 953 1270 4192 10432 7381 7668 8074 10972 3904 4220 5260 4852 1874 8511 6952 7806 3477 9790 11168 8395 10333 10211 10562 4460 699 2217 92 936 10268 5416 3149 4149 11656 6419 8422 8982 9468 2851 2977 376 737 9003 2484 10135 6580 1022 11406 4089 5130 6910 7985 10169 4688 5817 6122 538 4516 7854 2388 2593 10849 11949 6960 6492 7547 8497 732 10301 4152 7479 10696 7021 8766 1913 4607 9871 230 9066 11236 3142 6557 2460 10542 4860 5063 7922 338 1931 3206 4802 10230 10485 4353 5102 1879 11651 11302 7323 1323 10548 9511 11009 8919 11182 6264 6421 6853 7736 1921 7255 7103 7398 4182 9195 3367 11553 5403 848 2902 7928 11200 5374 1784 2458 2708 11363 6207 8281 3917 8787 10603 2467 11028 2900 4984 6075 2857 3000 6437 1853 10668 10682 9932 2955 8467 9211 5215 5722 7149 9089 11536 1836 3370 1608 4536 7636 9040 1199 9984 7848 8229 9683 11582 3944 9354 7756 9997 10860 3828 2421 5066 6530 7012 1575 9839 11510 448 1350 4315 3416 6290 314 1025 1988 9642 10741 7963 10319 2985 7911 8940 4476 7964 10028 5350 7811 822 2846 3540 4016 7424 8110 372 9475 8500 3377 6445 935 8339 6607 4634 7442 8092 10250 10289 6991 9384 7106 133 1457 11653 253 1907 10395 10553 10932 3486 5240 2786 11012 5885 628 2187 8090 10487 4954 3016 3562 4034 8199 8767 4889 101 10056 3141 3279 8210 10386 11670 3633 4321 10050 2445 4439 7638 3505 9472 5084 10639 9169 5803 6241 11249 8309 5537 9969 6524 10815 11354 9486 1544 11325 7321 7444 4256 9353 4907 8177 10372 4273 710 1304 9041 5998 2394 2440 10895 5248 49 7311 908 9591 5929 6324 4054 6059 3052 3246 10970 5444 1274 5592 4676 9269 8599 9926 2751 5232 5277 5642 6460 8368 3037 4874 1058 3918 7796 11133 3260 7565 7766 774 8868 10154 1452 3062 3841 3030 5989 6167 566 653 2814 3296 4835 7171 7411 7064 815 964 6612 11930 2715 4958 10152 4128 449 6074 7974 11863 8779 1251 4311 4921 1307 11195 6013 6107 3974 1729 3337 4767 10075 2548 3041 11457 8644 5206 7835 4029 3059 3364 9663 11191 5827 6764 9342 3900 4280 9606 1929 3518 2146 4870 6237 6565 5977 9149 6425 6462 11337 5612 7693 4647 6883 8185 4734 7250 795 5424 9585 2404 11988 8952 11193 3891 8297 9913 6312 3550 8280 2942 6039 2564 6214 3546 5337 5679 5761 6297 8577 2239 5397 5464 318 3273 4799 6761 4749 5104 7096 3819 5381 5411 2324 599 10908 10504 2653 4106 3455 5849 11756 4403 1695 7205 1105 9464 4457 787 1698 2854 11376 8491 1065 556 8514 9840 11141 9306 2871 4179 5058 9767 11667 4464 5020 932 3920 729 3497 1732 10234 10611 11992 2779 11067 7907 2519 5821 10482 10498 10868 438 5192 10186 5916 8693 1843 5421 8632 5671 9206 10644 4871 8622 3001 4583 4924 7665 540 10836 11467 8257 3117 11791 11853 1974 3278 5194 11934 11592 3584 9765 1381 11577 4887 3501 2122 7752 9431 4646 2446 2896 9487 10787 6434 8515 1168 6194 5167 10624 3846 7555 5870 6593 8559 7154 1888 5569 7570 7969 6981 8600 10099 3163 5306 6649 476 9850 2836 8821 9259 1169 2164 11961 7198 7472 1708 5736 8130 578 9188 4101 4225 8161 998 11644 4955 7132 11747 6775 8554 1363 3403 1532 2649 11365 7114 8942 10579 7288 2587 4961 5097 5318 7435 10153 3328 5928 10287 11955 4073 4144 4708 6496 1355 9684 2790 2856 3820 6604 10661 8934 1870 11081 11759 6276 7399 229 8623 5243 5907 7480 1198 11679 5046 1710 1412 11932 6726 231 4526 3972 8271 9079 1938 2251 3269 3877 10492 10748 10784 6155 528 684 2083 8518 9884 10132 3122 11953 6393 1675 6732 8558 6974 11329 8135 10106 4044 4381 5131 9235 10242 10477 4884 6144 1704 976 9679 8064 10585 3959 238 3509 6715 7286 3224 3994 7853 10458 2630 7705 3556 5261 6704 240 1749 5959 2201 3317 3612 6201 1638 6338 7247 10981 2624 7858 181 1780 11029 8078 1319 11716 68 7746 11543 10426 5725 519 2014 8406 6621 6714 164 1045 1549 1861 2810 7467 390 4242 4660 1132 3732 4003 4012 7477 11951 11998 4898 7836 3177 7844 9394 1416 3166 7215 3336 8583 8366 8792 635 4113 1440 5056 6483 9210 9968 3987 4277 7057 1007 11787 4392 8279 9689 4130 9789 2666 10901 2905 3731 4906 8962 2028 3226 3789 7962 9382 10674 3655 4982 6035 8838 6723 2677 9417 2177 2518 2878 8615 10642 6134 4754 8072 5610 7155 785 10742 11002 4232 706 792 5848 8061 8198 1073 10535 875 3112 3934 4539 11709 11831 3024 3968 8802 2611 11031 4320 3614 4971 9097 1424 3081 6885 7799 9255 9895 5166 243 2465 4338 546 1259 2340 725 9822 11544 6884 10222 3880 4422 5732 2724 2809 11328 5993 7455 10267 11564 1252 1077 10062 2994 11468 5543 7611 533 9027 2438 2692 7418 7190 2133 8538 11412 11618 5511 7037 7130 10363 6407 10147 111 1296 1332 9779 9799 10079 2003 3147 6330 17 5668 6878 1345 3704 5520 1021 9803 1837 11829 5114 8587 10865 4596 4666 7485 10351 5377 1750 11978 8977 9408 2258 3715 6219 805 1390 7162 7368 303 8738 2138 4945 10582 11496 4380 5858 7397 2874 1392 4661 8147 8418 865
23 998
11834 1829 4097 874 1739 1413 9121 7094 1369 5351 10199 3490 11362 11639 8897 2320 6550 4631 10810 3824 2574 5386 4231 10483 7750 7212 212 3730 8673 6998 3932 8334 442 999 8113 2986 11233 7641 11794 9898 6398 2631 4892 9199 545 1188 3641 1984 4429 5031 127 11645 434 10157 4501 3595 9171 2384 7548 4696 11498 93 10366 655 11396 1276 1586 6861 2945 3220 9944 6265 4313 10127 8473 3118 3725 6601 5322 3521 4908 9846 5766 11994 5450 11320 4135 4033 8168 6489 6128 10415 9705 9873 3948 4158 2937 5825 182 7143 1071 165 1138 4687 9272 2435 7401 5452 11022 3018 4833 6298 6391 7310 2276 8116 6678 2628 10244 7438 4903 9159 7392 1894 6106 10745 7462 11904 4790 5995 10304 10499 9326 1620 11303 3205 7325 9102 9605 2757 11201 9961 10759 11359 10698 4440 987 7514 9650 2496 7532 8496 9855 1849 3947 9469 280 3164 9488 7979 9483 7576 1554 1794 582 8234 10777 2681 6852 2768 9781 7606 3686 639 1298 10310 5041 856 5330 6181 534 5467 6351 1783 2676 553 11079 3228 7402 11557 11607 973 1326 9851 9869 7735 8873 11106 6459 3063 2206 755 1982 2332 11475 5627 11917 3180 4467 7142 2957 5085 3702 5941 8478 2385 9787 389 1625 5797 8818 7704 9974 4060 141 4823 5282 418 6537 5754 4001 11052 615 5087 2273 4818 10662 11595 3736 4171 5325 3865 9178 4605 5060 5807 2912 1193 9883 11964 8946 9888 1774 7832 9218 6902 11515 5954 5453 11851 1398 5393 9713 10867 576 4830 6225 3923 11355 8701 5400 4956 3297 6175 8270 7136 4190 2358 7884 2403 587 4129 5036 10495 8634 9628 5891 10752 11299 11357 11390 11108 5461 6104 10243 11383 5996 3267 5647 2127 8722 4637 6872 2799 4721 2365 8994 7006 2929 9907 11097 864 8127 11912 4557 10807 5355 11388 8129 4007 4966 11207 6198 9640 345 1230 3209 2466 11306 6083 9930 10595 8038 1936 3743 3002 3545 3569 1349 9672 7236 11368 5285 131 4358 6920 5760 5810 9170 8341 9633 3953 6923 11374 8718 8943 11279 7729 6561 9442 8567 6774 9069 5594 11282 9533 6132 10439 3749 8803 1884 6843 10020 4722 7279 2062 10256 5930 4254 657 5426 1543 10591 6834 2837 9320 11833 4120 10549 6833 11982 4238 1126 5253 4547 4668 4989 1372 9780 10691 2923 9161 6522 7995 3632 6240 1409 7334 2533 2769 1008 254 7137 5147 6681 373 6011 5619 4083 128 4667 4187 5632 11660 7751 4350 6582 10367 8475 11500 4198 5275 5678 5971 2880 10255 8664 9154 1063 5539 10911 5376 10371 6436 8929 5057 10210 3310 9307 3574 8777 2991 10078 6686 3414 9922 4213 5622 6147 11183 9987 3194 9221 257 10770 995 10952 7304 11017 11293 2236 7097 9763 10992 7371 8441 2730 7821 7987 4237 5558 5681 137 4645 10575 1696 9006 5383 8228 455 11615 4741 8195 7380 3325 431 2928 5315 3101 7425 134 203 2693 6631 4769 5516 4025 45 491 2112 10616 9990 3221 3341 3015 1411 28 6386 8627 9410 2500 1951 6753 6778 9549 9496 1353 6126 8403 2392 7125 7886 726 1590 11076 7079 1154 9541 10537 3756 7333 1838 6046 9189 5190 2371 2656 9771 8928 4809 8986 10851 9101 11548 9904 152 8590 3955 4864 9879 2175 8639 10298 1421 11789 9449 3005 5239 5018 3174 6124 801 10704 11699 10799 1102 9952 1463 5688 9456 1316 2125 10945 11062 3709 10356 3199 7412 56 6702 8106 328 7499 3211 6441 6653 8415 11697 5721 1669 1374 7753 8814 2690 5072 62 6412 3382 11371 10568 2520 8100 6236 11643 11977 3624 8523 11482 1901 5083 7584 11803 9120 10457 9076 11641 2883 11250 1354 9335 9568 6199 2255 8707 5898 8413 2845 10470 5478 934 9749 8884 5578 3681 5341 11968 6632 1422 5312 8619 7955 2600 1895 4040 11459 4196 4411 10379 4701 9738 4794 2412 1920 7790 7089 7202 9033 2644 1190 1622 2061 140 11126 412 7273 187 2266 4451 10687 3100 3817 8521 4566 6070 2307 10057 9546 5491 277 10666 8420 8945 11710 11763 2226 5247 4059 1613 2119 3013 316 10675 8880 1524 1175 3733 5983 174 248 8036 10676 1028 2430 1650 6680 629 10506 4765 10150 1170 11919 2124 7791 11228 10543 1017 4139 9251 11339 9063 5559 4197 6799 11970 7822 717 2606 4576 5163 1513 1297 9407 11788 4341 11915 11139 10824 8872 9554 8892 5602 9330 11849 5894 4309 4832 9017 4514 2620 8846 11307 7220 10854 4450 2922 8327 2943 4771 9245 6295 2300 249 7054 5802 11042 8888 9038 8757 1668 1781 7733 11702 4078 10620 7109 8126 8386 3396 9731 5640 10176 4618 60 4456 5459 2451 7530 8282 7994 6173 7070 8183 9418 11360 8307 8224 6234 5529 7677 2169 5162 2861 5738 6553 9372 2852 7267 5354 10205 2459 917 9544 4916 317 4656 8288 5288 6921 6218 11221 8040 10262 10545 9858 5956 4481 4383 8853 4709 2772 4204 4343 7002 7563 9091 7115 1186 10940 872 3253 5759 11155 1320 8235 2310 2200 4636 11913 6008 7153 5767 3724 2629 8916 9436 2140 302 698 8920 1047 9641 7404 3776 678 10263 8388 1303 7451 4339 10557 819 2876 1986 2442 10203 4303 6724 10342 3664 5367 977 7133 2319 10788 5133 10649 8170 9 7084 3249 3602 6980 8727 1271 5973 11458 9901 7883 2623 10942 5527 11680 11606 10455 7645 782 1335 7720 10702 9078 3237 163 10839 2521 5628 57 2457 11059 921 3579 2449 4643 4831 654 10034 6289 6889 7100 6877 2357 3519 3202 5026 3103 1173 9445 9241 1535 4917 1722 583 7166 3402 7513 4289 8714 4846 11323 9429 7992 9244 11464 1727 3809 2241 10716 7300 19 5584 11169 4363 7145 3195 5095 11336 10501 4420 5515 10636 591 2660 722 4953 9379 54 8782 7375 4370 6717 9150 4815 10171 4030 2160 4624 8194 2884 5685
14 646
4047 8463 2813 5373 8694 9626 2870 11902 11785 2674 11599 7379 3159 11844 11724 20 3803 2450 7609 10370 4697 3636 11124 11143 9136 3539 4308 10196 7655 11622 3818 9130 5641 1205 8163 11055 4694 924 4340 8324 3386 9484 9542 6420 8603 1211 6696 11652 2036 9024 6932 1540 1700 10233 2805 9124 10299 2541 4804 7437 498 1100 11779 9630 7913 5937 4208 11881 6945 8789 4405 8512 11176 9964 7775 10869 6590 2114 1555 2794 5710 8822 2325 5469 11845 1699 10896 1133 4923 2984 9052 8249 11512 9587 10158 9019 6339 8860 11632 3083 7807 1827 10128 7798 11573 3502 2788 2625 11025 4787 6484 3662 4977 112 334 7684 8099 2056 10409 8584 644 2024 9914 3472 11444 6687 11720 1667 10421 3958 2001 2872 2605 4417 8544 226 10155 6668 10232 9985 8906 8031 4704 11269 10792 11119 2172 4251 10905 3257 2413 1597 6967 11090 11842 6056 8630 9991 6650 4738 7661 1225 4593 828 7266 2798 5815 1067 8207 7967 11798 1433 794 3048 3318 9874 9217 292 9519 574 4705 1336 1969 2126 7732 8869 6187 773 3542 7161 9250 3544 8025 9736 1467 1498 9979 6942 11555 8392 2672 6951 6197 6238 9550 9693 405 8998 8215 6517 3308 8542 4185 237 8256 10808 4269 8217 6859 11929 6880 10241 9548 7314 8209 11273 2067 11550 1759 9454 5068 220 10282 7182 11414 9972 4786 9636 11300 1898 7759 5776 1892 5472 4675 5141 9715 10701 3777 7382 11743 4500 1670 6362 4975 10145 3915 8955 7610 6249 9279 1112 5391 4901 3672 10785 4302 9849 183 8956 9805 5226 8671 2781 11580 388 5040 9945 9867 8379 5946 3320 11289 10069 10852 8547 2033 4632 761 1242 2997 1049 9876 6378 7447 2455 3615 2791 1330 3671 9125 7076 8894 4843 9236 9721 10185 9403 4234 10105 3234 460 9282 9827 10029 9635 5210 1456 9725 7210 6543 11750 5944 5222 3766 2344 10374 11167 1599 11664 818 5924 5892 8717 2949 5293 4205 1823 10294 11723 3254 10353 4710 11704 10513 357 552 8274 5402 6454 709 6855 5323 10750 10059 4868 6815 2763 697 4069 2065 6636 6256 10313 4931 7018 7297 319 7502 3047 10144 8589 2374 2855 10936 1009 7331 10918 847 1479 4994 1346 76 2305 9770 7290 6672 6599 5890 4861 7905 2707 3982 8598 4396 7339 11752 10305 7158 11562 7926 2655 2641 3327 11659 3549 11367 8000 4679 6956 11876 3774 5043 4682 8484 10679 834 9834 10521 7163 855 3555 3355 6097 2657 3621 10392 11427 7896 10517 6048 6307 4027 46 11734 4692 9811 11935 7430 2906 5127 9485 11927 4651 4715 11305 10195 378 5589 2740 1213 8405 9284 9752 9740 930 8440 7436 9186 4279 5724 3096 8486 11069 9000 11950 11185 5990 29 8772 11860 8351 6406 7087 914 5621 7350 4532 676 8032 7291 7973 2268 10647 3926 5935 4970 11199 7906 1038 11053 7834 9611 8480 4452 4872 11333 2492 6916 5708 7420 10438 10935 4046 2360 3025 1483 674 3274 11818 10505 4495 802 1848 11539 7581 79 5126 989 5600 11944 2704 10217 6381 7139 8765 8570 983 9793 4588 4992 9400 7692 626 4748 5101 10480 6333 839 3068 3591 4753 2917 2806 7292 8784 2712 11502 1455 6806 3606 10074 50 9977 827 9213 9470 9980 10162 8932 353 9810 3694 9643 11153 1595 4156 10101 8656 5948 11100 9786 7898 9872 5029 11104 7748 1905 10343 857 11442 10055 3019 8314 9286 5343 11001 9055 11601 4812 1518 10816 5157 5390 11873 8786 6453 4783 5863 6146 9561 7728 214 4354 11083 258 2424 9139 11217 7439 10 255 10845 9818 6115 5032 5590 6061 9366 1387 1840 8389 9902 8383 11298 5947 2422 8236 1537 4121 4910 10014 1301 10589 4503 11049 9461 11859 10218 10527 4580 3245 7852 10038 425 6851
