6
26 2659
8442 884 2203 4755 9348 11671 8365 9256 10054 4573 6044 6413 2547 3973 4109 5949 6397 58 8700 570 11922 10456 8437 4902 4946 5353 8065 7403 9173 9414 1448 10040 2478 4854 8037 10630 5414 6514 6518 1425 2035 6707 7867 8580 8959 9032 2330 2863 6110 7862 7567 8434 9397 9815 5667 871 939 985 3922 4133 5346 8723 11386 4529 7010 10209 10744 11051 4648 6642 10279 10165 1985 3875 4365 4742 2840 4226 4717 1797 2910 3499 8889 9318 1571 1825 6376 7918 9388 9420 4081 7295 169 9376 10590 3445 7384 2572 7164 8424 1152 2290 2389 2717 6409 7358 9817 2486 325 658 9441 5200 6077 6309 598 6160 728 3080 4842 4049 6143 9430 9933 10094 2049 4894 1531 3835 4002 9096 2436 2497 2526 3757 4211 6568 886 2669 3761 7559 1352 11203 7036 7344 8447 9071 11647 5644 213 526 1382 10116 2689 11115 3165 8410 9986 9503 2495 4848 4866 5150 7649 148 9075 10583 4268 4817 4914 5608 8525 11479 4674 4918 10598 11246 4009 9897 11321 3637 8676 2456 11309 8354 8902 8983 10097 6067 11060 11848 4980 10685 3170 6751 8807 2368 1206 1724 10773 11519 9599 3868 5653 7587 3651 7687 308 8773 9978 11178 8291 9905 3124 5556 10411 10760 3359 7812 8849 10225 5422 1280 9835 7428 7635 2277 144 854 5004 398 8014 750 1195 1607 4336 955 9363 4897 6108 162 9248 9516 1922 8308 2552 4936 6026 6415 559 10727 11681 7682 8606 503 1194 9934 4301 4943 9673 3746 168 3099 11809 3668 10121 2406 890 9751 1569 5591 7020 300 9315 10314 4925 6746 321 11449 5218 9535 1485 9989 2515 6283 3092 3483 295 9273 6388 478 804 2013 11997 4026 5193 5264 9350 1247 3453 3981 4659 1955 11880 8885 8995 1220 9762 1604 3656 288 937 2304 4413 9513 8387 10570 9825 2953 11177 11364 9016 11682 9520 2468 7885 894 2353 2581 2336 5518 11729 8203 10396 11892 4330 5714 6396 702 9174 1541 9868 1995 11089 8811 1834 4905 8246 9491 1450 2341 10977 2815 4117 7490 692 10193 5784 6392 6614 7464 7509 8026 7851 5332 7527 8708 7199 9022 1092 5172 10463 3120 6515 7818 9270 5344 6245 9117 3581 8856 1279 1468 6670 440 8861 1570 11171 8431 9956 10260 10806 11138 55 9525 3131 7256 9391 1429 2248 10919 3613 4161 6274 7249 8076 10801 6457 8566 5460 5575 5740 6053 7224 1993 6480 7016 8239 748 9536 4284 8401 9116 6637 35 10928 3071 9005 958 10334 8201 9134 1497 9848 3357 3837 8150 8382 1368 11088 3189 3742 8972 1305 11091 5756 6911 8794 4032 7800 2364 10923 3021 3975 6012 6385 8184 307 2220 4360 5878 6860 11894 6965 7785 5548 6028 6894 682 9201 1311 1666 2050 2591 10912 11353 11435 4570 8426 1226 2101 2678 11382 10173 2488 2120 11740 4147 6659 9910 10627 3387 5847 1231 3157 11712 4137 403 4297 11450 5958 472 1215 9607 11583 3620 3842 2602 11260 11954 4151 5442 7607 10273 667 1981 2594 3384 5012 8311 6444 7169 8250 368 1370 10814 11283 3132 5274 5454 5470 6673 8536 10002 10859 4235 6933 7990 9691 11722 5814 6426 1509 10115 10797 6303 6957 342 11379 362 1268 9951 1785 10998 5503 4090 5303 1306 11373 6479 8051 742 10690 6345 714 5499 3858 4712 4850 9355 3648 4143 5276 8563 6450 784 3078 11297 3688 4384 7008 10016 2441 11908 6828 139 369 2524 2635 3759 6930 6954 7056 286 479 10261 6306 7721 9099 9331 7476 9275 9971 1862 2301 2506 11145 5753 705 1671 10126 5327 5336 9734 1800 8142 8843 10026 6439 7504 9325 4819 7575 10917 4482 7274 9706 1624 2569 707 9702 9903 2893 4932 5571 5750 8397 9264 2116 5645 5523 3936 6689 301 5691 5805 2261 5184 5676 6278 5115 5244 8131 1066 1184 3778 4724 1227 1486 6350 10493 3036 3741 3427 1208 4912 8762 1182 10809 4028 5557 2578 2800 3286 11623 5254 6466 8551 548 1609 10857 4967 1465 10063 2038 8372 1083 10473 645 9829 3201 1197 10551 3067 4243 8754 1436 7302 3424 3890 6839 8635 9377 4000 42 493 9194 1488 3061 11542 9428 11687 6603 4175 9553 10987 1418 3543 7361 2531 10889 3905 3530 3737 747 10047 2141 2613 3442 541 616 9073 1128 9141 2380 4148 4221 10312 2516 11174 7414 2150 3284 3993 5697 5775 7312 8974 1031 9356 1359 814 3072 3950 1687 2176 10446 11772 8495 1762 10274 2557 689 1584 1835 2223 10965 11078 4477 9153 11531 5517 1096 9891 11760 6311 6752 379 9324 6300 370 8749 3883 352 10475 7630 1658 10021 2975 3856 3870 7284 9530 10445 11713 8219 10544 11048 3417 5475 5895 11428 4792 2302 5094 5630 5887 505 8917 1593 11520 3990 7596 2091 3197 83 2608 11161 2334 5666 1721 3496 3954 9123 9543 1971 11330 6169 6251 7624 10629 10828 2987 8306 10114 11140 4839 8357 1746 2634 6871 8992 1831 10708 11516 3644 7601 8895 10512 3154 11775 4086 4212 6030 10011 2356 4006 7454 1908 10102 3599 6337 8669 675 869 5486 9784 6727 608 9576 10113 2235 10732 3580 5025 5417 1787 2073 11877 5231 9107 2347 2391 5615 613 9122 946 1118 10468 10474 10733 11524 4416 8178 2407 3849 5833 6832 8157 315 4693 525 8883 10247 3069 4299 1764 7007 11690 7737 9261 3022 6882 7497 2532 11399 5875 6040 8455 10714 2959 2476 5966 7860 3989 4937 6269 10156 4628 6275 6313 9242 2009 3532 8545 9510 2234 10673 11795 5456 7511 7912 8231 9253 3836 4506 3111 3441 6708 7917 2418 3400 10229 2349 6158 8002 888 1916 4604 6797 9081 2685 4959 7551 900 4126 7390 836 1601 11742 3786 6513 6739 7283 10076 6500 26 6572 7337 9820 10476 4203 4805 6045 1331 11753 4103 7050 824 1337 3526 7278 2323 3173 3448 4601 7471 5242 5429 6640 9034 3119 1059 2898 5212 5524 6138 6657 7662 1682 211 8522 8815 9277 1161 1712 6475 509 5246 5905 284 364 11448 8721 9625 11807 5687 488 9509 11975 3859 4626 7951 806 1177 7535 5631 5743 6230 7306 9070 2315 3314 4552 499 4068 5008 916 970 9267 10364 5091 5359 9421 646 2940 4186 1157 10035 8323 274 8636 1329 10722 7831 9478 10266 11117 2999 3433 8176 216 8534 441 1693 6706 7545 3654 5501 8988 10399 199 592 9556 10717 2696 5428 1123 4649 11658 9655 11405 4426 6371 9504 9778 2053 3192 3937 10252 2074 5439 5865 6856 106 3830 5205 8277 9866 1847 537 11397 11471 10671 7981 8301 10336 7908 812 2804 11039 3023 5745 6602 10179 2269 4473 6809 1294 256 8903 4603 7092 480 8672 1453 7972 2926 6762 7443 8192 8984 10275 8831 4176 4376 8085 8612 7423 5570 6355 2408 11565 5889 6017 11287 11466 6662 1539 11130 5636 7175 7433 9088 10277 11080 4512 206 8609 8680 2054 3235 10813 11947 5498 2853 1180 9722 10491 5664 6792 2285 3347 4602 8118 9526 2178 11004 5465 5751 5972 6027 6140 6368 7376 4409 4976 5755 9724 3217 11533 4744 3105 7605 1019 9232 10251 2525 10758 876 9283 1375 2363 11439 11610 5549 5955 1406 4513 259 11071 8145 2167 2291 11503 3349 6292 166 4223 11600 3769 5291 8867 10853 3571 1114 3421 7308 8082 701 11315 6781 8764 11832 5561 7813 892 6121 6157 6372 8682 9595 4442 11707 6172 10890 3113 11767 4455 4658 5926 72 195 1373 3565 6749 7432 8564 8732 9665 9800 5089 5573 10087 10826 2741 11285 5686 326 10390 11437 6892 9423 1439 10721 11928 8593 459 8870 2090 10348 5786 6440 6611 7594 9329 2318 2703 4110 5196 8581 10514 2597 2789 4574 7892 9963 2149 6060 3440 3642 8137 1010 4684 6485 7937 1912 2274 2560 5782 1087 9710 1833 10898 3282 8684 10488 2351 3912 4332 4561 6137 6357 8798 194 9100 2397 3027 3476 4614 4877 8069 8499 9029 1034 11304 3462 5801 7980 8645 10709 3351 6354 5308 6171 6697 8925 1244 10360 11211 3385 4367 7486 8221 1480 3699 5447 6735 5458 6223 4808 9733 10401 5729 6705 7666 10903 4195 5369 1462 10975 7023 11391 7342 8913 9661 1500 10663 11676 354 2670 3878 1654 3901 9135 4228 6331 7193 260 2019 11552 3949 5455 6344 7237 8907 7045 1592 4608 4938 7086 7566 7784 9378 4571 5440 2270 3134 3247 5059 450 9401 5399 7542 9821 7223 10879 11695 3848 7116 9291 5301 6302 8663 9168 2643 9185 9882 7001 7968 9142 1167 3115 11434 3268 3291 7673 178 10494 2317 2714 11068 850 1596 11802 2988 11356 6211 6719 8024 659 8901 9165 1520 6131 1552 5158 6116 6364 9473 9802 5683 7657 350 754 11061 3138 8232 683 9875 10264 4746 11400 860 11112 880 1812 2058 10755 11149 3447 4683 6221 7887 10707 5914 6562 8617 11338 6765 7449 7727 5304 9209 9946 11445 6430 7623 1023 1857 52 516 1328 1470 10531 10584 5855 9119 11613 1309 4355 10159 7794 8259 8805 1809 10833 2705 2720 1664 10098 4159 1871 2298 2314 4919 6625 96 10985 11093 2965 197 719 10719 77 2612 11563 3428 3552 1201 1742 4801 8425 1235 10885 11347 4879 6756 8800 7718 558 2835 5223 10228 5719 6610 786 1872 10103 11075 8098 2756 5851 5785 1293 3487 7573 789 11326 11370 247 3210 5307 6987 7473 8905 9667 1634 10238 11614 5188 6567 6850 3696 708 3876 6270 7915 10893 5385 8506 2208 2425 3075 3350 6472 8315 4461 8836 9669 9911 8380 8507 1160 1689 10735 779 10872 11771 6162 2182 5585 6305 10080 4555 121 981 3710 5726 7 9180 1771 3951 41 9958 11812 4347 5531 9828 5964 6130 6934 1466 11728 8369 9360 2263 11164 5427 6180 2722 11701 207 10053 2502 6142 10246 11559 5794 7779 10019 6019 7679 8258 8296 1302 7538 7767 8003 8430 9537 1408 5747 6050 222 10338 2375 2787 11202 8054 1095 6073 11284 9265 1587 1751 10231 10365 391 863 2142 10877 11266 6193 7197 3242 6135 9132 7881 8572 8611 3605 5846 1119 11099 6222 7372 7874 11160 11746 4502 6865 7426 2731 3042 2529 2759 11070 4388 1236 9653 10900 7208 7726 9301 9458 2303 11589 4990 5136 8419 9567 11967 4331 6154 4391 6931 10811 4554 5598 9380 4883 6716 176 8911 9395 1547 4372 6257 8481 8737 6560 11189 11420 3250 3547 3639 5826 590 1055 2252 10593 2862 3582 10558 4499 7183 7319 950 9647 9753 11874 3630 4909 5576 7098 7481 306 9467 1343 3783 4474 6526 6814 7956 8286 3032 3895 8029 9212 6242 324 1605 10655 3307 11708 5331 6574 7978 9260 9896 1731 4873 5371 5808 6671 8524 10058 1385 5534 745 7386 7506 1617 1996 11087 4522 4686 5045 8390 9160 110 580 1754 5145 1816 10782 2980 11836 6054 8470 9437 1598 5054 6783 7488 154 8677 2626 10288 3233 11683 5098 2046 2311 5540 8494 9886 5506 7507 2237 10622 125 289 518 3586 7671 8705 10805 11594 739 9601 1735 10430 3899 6870 337 2636 11766 6728 7081 7632 1545 1804 11918 6374 6464 309 5639 11574 11999 3941 6206 1143 11602 893 2483 11689 4070 11021 5783 8086 11596 4816 8200 681 5258 7111 8204 8893 9385 4726 6220 8891 6076 8007 11118 5781 7415 5170 5370 896 1076 1140 6215 4750 7015 9562 2588 11684 4963 7336 11825 9290 2386 4731 31 9498 11621 4922 5006 5363 8378 10420 5538 6170 10996 5372 2743 1461 11911 5280 6112 7897 3277 3449 5884 4568 8218 1725 10425 5207 5789 6091 7170 8278 3568 5646 8048 8206 1745 2011 2501 2760 6002 1665 9002 2479 2650 10856 7194 9344 9695 9959 6069 7419 36 8416 9131 5120 5519 6025 7469 9439 10271 10686 5563 7147 234 2373 3422 7574 793 5545 6166 6857 7786 945 10509 10547 2376 5701 8173 1203 11455 7691 9707 2754 8695 8801 9214 1574 2066 11505 189 11398 8999 9517 10950 8968 2017 11511 8084 2828 3469 3558 365 9739 5749 5932 11212 5994 9176 10878 1773 7524 2823 11726 4293 6813 7227 933 2482 3006 3281 11869 4397 8138 861 2688 11393 3814 9716 11157 11677 4472 6982 7895 825 1399 1877 10253 10327 2573 11276 2104 3515 3528 6549 2545 972 6545 984 9184 2202 2339 10609 80 5412 8874 6734 10181 11551 7626 8703 1469 4993 11013 3722 4940 7124 7251 11624 8591 1003 9411 3892 5861 6845 9742 6007 7932 1761 11461 5154 9374 3680 4017 7841 643 11375 1562 10295 11331 6470 7127 10110 2197 10569 10536 2555 2706 11433 5704 5984 7254 7651 11586 7134 2267 6021 1158 1866 3312 5778 10718 3873 5899 90 8573 9954 2181 7113 9620 5547 5675 7864 1472 1799 10393 6433 6589 1078 9392 10915 5408 8245 6291 320 8537 5672 6099 374 9788 3331 7827 9144 1282 10712 9837 3491 5404 7059 5845 6380 11736 960 1818 2117 4180 5077 5787 6767 8222 3726 4004 6694 382 2571 3604 6772 7042 7777 3230 5338 3302 11571 4240 10300 3423 11294 1646 5505 7349 1218 9887 3182 5441 2511 11522 10756 11986 8488 348 1903 6476 9581 3223 11508 4685 11 9314 11946 6511 7669 5799 8448 1200 1278 2901 7803 1778 2331 4115 10311 6616 1719 11611 3700 1377 2345 6847 7427 2820 11436 3407 4373 4829 10194 11972 883 910 10976 5229 8182 11011 1534 7264 2921 5362 343 8688 9594 11625 4322 7243 7354 7515 3338 2423 5278 7434 429 610 9495 4193 4270 6736 7758 8624 9440 10378 4443 6109 6554 7953 8087 8237 663 741 9617 2944 4327 8011 6038 7409 7769 9512 3627 6226 9047 2818 4655 6294 7406 3514 11706 7899 8505 1707 9737 10276 5079 5272 151 9590 5173 7207 7226 8111 224 2565 11532 6260 367 1162 2163 10982 11830 4292 1185 1896 2016 11801 10015 10786 2843 11480 3376 8123 7633 8155 9451 1697 10373 11513 6748 7118 7232 7289 8711 765 1068 11194 6031 6693 8305 482 2687 3460 6414 4091 6449 6623 7738 8804 10921 82 7849 4567 10599 4807 7537 78 1475 9957 10523 2860 4504 7701 2078 2312 2913 5709 9616 9645 1495 11916 5739 942 4335 8104 8661 8960 9246 1614 10910 3659 4821 5603 6634 7014 397 9479 10462 10821 4037 4633 4849 6886 262 2951 11856 5712 1155 10540 2399 8320 9339 7868 122 11291 5748 7891 1673 4123 10519 6999 9231 1968 11244 3832 1753 3750 6057 8862 9399 11499 7293 6361 81 9390 2165 3057 11888 150 3610 4988 5779 2329 11685 5718 7460 8790 1051 3323 5521 6163 9383 10572 10769 6969 2400 11431 6720 523 9192 11715 1459 1796 10043 10736 5587 6546 8555 9196 2405 3363 6924 7663 11032 4774 8890 2222 7643 2249 4478 6145 8878 9906 10303 6153 192 10004 2725 10971 3218 10104 2665 2802 11593 4468 6183 7810 8918 9476 10938 11497 1505 11265 3183 1430 3388 421 2045 5868 7285 8428 4136 5340 5938 1004 1856 10297 11730 3910 7970 3133 4782 8266 2803 11270 7027 10285 7637 3861 11215 3213 8775 10048 10175 10451 11492 6018 6581 6978 589 6465 2549 3369 11965 6320 10045 2615 11936 9646 1703 4653 7241 1563 2771 6003 7670 6538 550 10530 2993 3751 7305 9746 10174 11035 5013 5100 5717 1393 7110 562 3405 11867 4287 6285 7431 669 870 2107 10669 1631 720 10352 11150 3172 6316 907 9252 1556 2288 11633 11933 4112 7041 8394 10003 2338 4333 329 614 8857 7608 3161 4390 6768 8289 5099 1826 11424 9656 10802 2668 5286 6343 670 9357 10683 11101 6600 1384 9545 1511 10812 11800 6663 6807 4378 6563 7332 89 10943 7843 8444 10902 7839 8597 777 11109 7144 30 8648 569 10428 4036 4298 5388 3527 5016 1967 3176 7065 9223 4412
14 1506
1829 4047 8463 2030 2813 4713 5373 8694 9416 1739 10764 11806 273 2586 9626 1756 10107 147 11241 4085 5923 7094 2870 11902 2981 11785 2674 11599 4008 10798 3490 9490 9677 4613 6550 7379 8166 3159 11597 11844 5386 8318 5211 11724 5080 5389 20 3803 2450 3906 7609 10370 5204 2012 3636 3730 3821 4697 7108 7128 11477 11124 384 408 9136 11143 3539 6744 4432 10196 4308 2946 4019 5526 11794 7655 386 9720 7366 9898 10416 11585 11622 7374 9199 3818 7282 9130 1984 5266 5641 1205 1553 8163 11055 7745 4694 7572 2618 4858 924 341 4340 7307 1388 8233 8324 3386 9484 9542 2308 539 655 5024 8603 1211 1586 6420 11023 11652 6696 3225 6265 2746 4714 5616 2036 1437 3430 4908 9024 1420 3780 6932 1174 2433 11994 5430 1192 1540 1700 10233 9124 2805 1507 1694 10299 2541 5765 7629 4804 7260 7437 498 1100 3727 9480 11779 279 1189 9630 8193 10306 5937 7913 8713 11881 4208 5107 6945 762 1806 2553 5415 5494 8042 8789 9336 8512 9964 10345 11176 3018 4405 4895 4948 7775 6298 6512 10322 10869 5061 9014 6261 6590 2114 2276 8055 2904 9580 1555 5768 10244 2794 6881 8650 4903 5710 298 4157 7123 8822 2325 11392 2539 5469 1699 11082 11845 5382 1133 10896 9993 10188 4923 2984 3232 11751 2219 11201 9052 2416 11359 10698 8249 770 9587 11512 6700 7078 10158 7514 3271 8128 9019 1315 8860 9855 10130 11632 6339 7244 3083 3947 7807 3164 9299 1827 4745 8077 9302 10728 10128 3293 18 119 715 2272 2681 7798 6692 11573 3502 7606 2788 3108 6205 2625 10951 11025 5041 4787 1684 3256 3662 6484 4886 4977 112 534 334 10508 7684 8099 8584 2056 10409 5295 6759 7219 7402 37 11462 644 2024 7619 1093 1326 7735 9914 8763 10862 3472 4369 6695 11444 6687 10968 3301 1667 10906 11720 3893 3180 2001 10421 3958 2872 889 2972 2605 3179 8544 4125 4417 5151 100 226 6760 7119 8724 1121 9573 9998 10155 406 9974 4020 6095 6668 141 9466 10232 470 9985 8906 5754 4401 8031 10201 3406 3695 9758 8205 10555 11052 11269 4704 1447 10792 11119 5087 2654 10662 11595 4024 7999 270 2172 10905 3257 4251 2041 2413 1597 10335 11090 11842 6056 6967 8102 268 8630 9991 2912 3523 6650 4039 6812 275 974 4738 7661 1225 4593 828 6944 2094 7266 941 9218 11572 4549 7038 2798 11515 5815 5906 1067 6646 8207 8269 7967 11798 7824 1433 794 2477 11914 4328 11883 8214 8709 1026 3048 5551 7808 623 3318 9874 6246 7717 9217 7508 292 3297 4956 9519 7136 3 574 1336 4705 11128 10140 9345 1969 2126 5039 7732 8869 2721 773 1948 3542 6187 8973 11074 9250 4838 7161 3544 6104 6958 8025 9736 11383 6691 943 10645 9092 1467 1498 9979 6216 3267 6942 413 11555 5423 3935 8392 2672 6951 109 716 2365 3850 6254 6197 6238 3017 11616 9550 9693 405 8998 8215 6517 2378 11097 3308 7640 864 4730 8542 1738 7211 10941 1859 2475 4185 237 1947 8256 9640 10808 10672 4269 5255 8217 11366 5436 6859 9761 11929 2938 5281 6880 9548 10241 8312 1442 1542 2228 7090 7314 8209 693 7976 10538 11273 4021 2067 10552 1378 1759 11550 6531 9454 7595 7814 5068 220 10216 9972 10282 11414 7182 7326 8336 9636 2069 4786 1898 11300 1360 11408 5776 7759 1892 11418 5472 4675 9715 5141 6052 10701 3777 8979 11743 7382 8718 8943 1670 4500 4927 6362 11945 6561 10145 4869 4975 2253 3915 6210 8955 4578 4727 4469 7610 6249 9279 1112 1657 1752 3749 5391 3672 4901 10785 7966 7988 9849 4302 9051 8479 183 8956 11956 5198 9805 4616 5226 10591 8671 9657 11422 9320 2781 11580 7989 388 485 1637 9945 5040 1126 9867 1815 10017 3136 8379 5946 3320 10691 11289 10069 5392 2822 10852 8547 2033 2372 4825 4632 3473 761 1356 7004 1242 1978 2997 1049 9876 6962 6378 7370 7447 5632 11660 2455 6582 228 712 3046 10367 10432 3259 8966 11500 3615 5289 2791 4852 1330 3671 7993 8511 3087 6952 9125 5678 10333 7076 8894 9236 9721 4460 4843 7179 10185 699 9403 7446 4234 3149 10371 10875 6436 10105 2540 3234 460 8982 5828 376 10111 6580 6725 9282 11406 9827 10029 6122 9635 11949 5210 1456 9922 4213 6492 7547 9725 2099 9987 4152 7210 10696 6543 7021 8766 11750 5944 3766 4424 5222 230 2344 5692 816 1599 10374 11167 257 10770 11664 818 9885 611 3206 3971 4802 5924 5102 5892 6613 7323 7776 8919 11186 8717 2949 5293 6264 7061 1823 4205 1163 7579 10294 3088 7398 11723 455 3254 10353 4710 4272 11451 11704 2047 3917 10513 6447 357 552 8274 5402 2857 3000 6437 6454 3084 709 9932 11536 1080 6855 5323 7636 9040 10368 9162 7622 8229 11582 10059 10750 4868 2392 3389 2763 3416 11979 6815 314 697 11076 8067 7963 8498 1178 11085 4069 5435 2065 11125 4476 6636 4016 4408 6256 10313 4931 7018 10408 7297 319 2780 5637 3775 4718 7502 5175 775 9384 10144 2753 3047 5605 10851 8590 3955 8589 1907 2374 2855 3486 9368 10936 1009 1945 3608 5256 7331 8767 847 1939 10918 11216 9674 1479 6777 4994 1346 4439 3251 76 9472 9797 801 9770 2305 3738 5803 7290 6817 6672 10799 5537 8490 5688 10815 11325 7444 11638 4256 6599 7107 5890 6224 4861 6156 7905 6023 11560 10743 2707 3982 8598 11752 4396 7339 10305 11562 7158 7926 7275 908 5721 2655 1964 3288 1062 2641 3327 11659 3549 5592 2690 4676 4698 2711 11367 8000 4679 6412 9675 2751 11876 3774 5232 5277 6956 5043 4682 8484 11977 10679 834 1058 9834 10521 7163 7584 7766 855 3555 3355 6097 1354 11250 7491 11218 3908 566 1109 9335 2657 3621 10392 4345 2845 2715 1362 10753 11427 5578 5792 7896 10517 6048 895 11863 4311 6307 6836 6013 8690 2600 4027 4767 46 11734 4692 4029 9738 9811 11935 6277 2480 4720 7430 9606 2906 9485 11927 5127 8303 10195 11305 4651 4715 7089 7765 378 4145 5589 2644 9598 2448 2740 5612 1213 10065 1910 10771 4647 6883 8405 7250 9284 9752 9740 1730 2266 930 2742 8440 4508 7436 9186 8642 3854 10804 11086 4279 5724 1606 3096 8486 11069 11092 9000 11950 4042 318 4749 8526 11185 5990 4222 7367 8945 2103 11710 29 8772 8826 11860 8351 2447 2119 3013 6406 7087 914 10675 3455 5621 6643 7350 8761 3827 676 4532 8032 1028 7291 2430 8491 1772 7973 9832 2268 1241 9840 10100 10496 9306 10647 3926 5935 74 10150 10648 4970 11199 7906 9044 1038 2124 10688 11053 11226 3426 7834 8844 10543 11992 7774 9611 8480 4452 4872 11333 160 438 10376 1264 2492 5192 6916 5227 5163 8632 5708 6766 9407 10907 11788 4871 5680 7420 10438 10935 3500 4046 8735 2295 2360 1483 3025 3051 8257 311 3117 11410 674 1974 11139 3274 11818 4306 8872 11843 11934 10505 11495 9330 11849 4495 802 1848 4309 690 9890 11539 4514 7581 79 4646 5126 2841 2896 989 10787 736 10624 7555 11944 5600 11846 249 2704 10217 7969 11546 6981 6381 7139 3305 8765 8570 983 4101 5640 998 9793 4588 4456 9400 4992 7692 626 4748 5101 7114 8942 1718 1998 4961 10480 3086 7435 5928 4708 839 9684 2790 6333 3068 3591 3985 1959 4753 6276 2917 2755 2806 5957 7292 8784 10969 1455 2712 11502 5474 10074 3606 6806 7998 50 3877 528 684 9977 10205 9884 4942 827 9544 7017 9213 9470 6247 1675 9943 9980 10162 317 8932 4656 6974 353 9810 3694 4044 9643 492 11153 1595 8040 1484 5956 10101 4156 4481 9679 8656 1992 11232 3155 5948 7002 7563 9091 9786 11100 7723 5759 11155 7898 10566 5261 6704 8235 9872 2201 5869 11913 5029 7071 11454 11104 7748 1905 181 9641 11029 857 10343 11442 3776 8774 2437 1899 7451 4339 524 11566 10055 2810 3019 5319 8314 10342 4012 5367 7410 9286 4898 5343 2350 10788 5133 10649 11001 9055 11319 11601 8727 10486 4277 4812 1518 5973 7327 8696 10816 11873 5157 5390 8786 3731 3888 6453 2028 11606 3789 4783 1308 5863 9561 2878 5720 6146 7728 2443 214 10642 4354 10634 11705 163 11083 258 919 11002 2424 6094 8299 9139 11217 7439 3934 10 1803 11831 8017 255 9818 2449 10845 3753 6115 7680 5032 5590 6061 9366 2170 4230 4320 5684 5706 4971 5530 7262 1869 1387 1840 8389 9902 443 10594 6405 8383 5123 5993 11298 5947 2422 4289 8236 1537 9027 2692 4261 6977 11858 5652 9244 6503 2947 11537 5780 4121 4910 5348 10014 19 841 1301 10589 11049 4503 9461 5579 1021 9803 5114 11859 4596 10218 10501 10527 9408 805 1390 2660 4580 7712 1097 2138 10038 3245 7852 425 4030 5858 6851 5076 1579 11014
3 1957
2914 700 2309 4170 8596 630 2834 9332 1932 8047 1655 10206 10507 11010 5271 2204 11208 11429 4680 8466 9842 10096 3413 7230 8771 8462 9940 3461 6763 9864 5144 10384 11762 10183 10615 10863 1423 6630 9182 3529 6904 10914 11698 7043 11033 4043 5443 5629 10628 6203 11901 3184 9638 9892 3343 6148 6811 573 11259 8647 8996 11509 495 10022 4862 9816 2110 7280 9434 94 2168 11490 5918 9062 3353 821 8175 473 8909 1048 11463 5689 8532 520 2007 3148 3409 7716 3535 11792 3643 287 8618 9031 1445 8937 10656 2817 9233 5185 8300 2010 10550 3292 4764 11206 6620 8806 1260 4058 5700 6810 8964 9280 10731 8006 10469 10681 3352 6909 967 6742 7245 10139 2499 6164 11181 1262 10170 11030 2161 7519 380 416 2025 2221 4875 7353 9013 10177 5705 6446 6989 2027 10988 4772 4798 6508 44 688 10402 10737 3840 7875 9962 6329 929 5164 11493 4904 232 11526 5693 5974 6418 7044 9108 5457 8699 1582 4489 8363 766 1056 3456 11567 1070 1867 5090 6394 6424 7620 9386 10120 4950 7660 7940 4444 6477 2192 10427 1090 1269 3977 8882 10632 10061 5965 1151 10202 3962 4644 3801 4475 8352 8768 9433 3864 3898 8712 4490 5230 10092 7456 8196 8985 9921 10049 2227 10526 4747 6184 6375 7869 9247 10375 3474 7583 1348 11190 11209 11327 4031 8373 1292 1814 10357 3587 2584 3665 3371 5860 7268 10112 10580 3760 5655 11000 6227 7707 7952 9936 8384 11897 4436 3986 4893 5250 8628 11985 4840 5070 5657 7597 9589 11530 3607 8079 10626 1588 2190 6365 4096 7618 10711 10387 2667 11460 6501 8756 2489 3489 4045 4437 5236 8607 1515 2070 2830 4438 5010 9087 9137 2292 6963 95 8877 6262 7450 579 9308 10302 1626 6587 8335 9343 3852 5876 9953 11137 3129 4323 11214 6212 6353 9157 10481 8019 9432 3961 5658 1338 1976 10208 11995 5042 6139 6189 145 8439 8830 10258 7441 7516 9894 5471 6698 649 9648 10516 3393 190 771 969 7257 2287 2924 4057 5292 5604 8433 11749 3823 4876 6102 1644 2716 5961 6955 7157 8740 3650 5669 7675 8160 3734 5106 6831 8971 4562 9300 9769 7558 8465 10454 2956 2767 11344 4052 6005 8338 2522 11711 5812 8957 2275 3097 4229 5552 10612 4509 2563 11631 3979 8608 9239 1897 10774 10843 2745 158 10892 11773 7914 9575 1930 11020 11275 4703 8629 4010 5762 660 9427 7541 7049 8817 6875 9095 5873 1494 10502 11234 11243 721 9276 6410 1860 3306 3358 4563 9126 3162 5088 696 986 9205 1991 3661 5922 10796 7829 7942 978 2427 3031 6347 8469 9559 5267 2387 5488 2183 6081 6800 2616 11905 4465 5510 9048 3798 8073 530 11278 11335 3285 6985 10249 5052 6950 3520 11784 596 6314 4015 10280 3714 6947 9960 1924 4286 8162 8980 9358 2892 3484 1357 1489 10437 3459 4255 5897 7710 7231 2026 6010 6458 11384 6595 6912 8461 291 1858 10377 3537 3843 4813 5186 8350 11665 281 5950 6876 1147 4733 5535 5823 7571 392 996 5119 6041 6498 6712 7242 8156 5434 11254 5920 6688 8796 2551 3813 7146 7744 1265 11272 5179 1566 10066 10684 11627 172 1776 11425 5635 7218 427 8686 2195 3028 7228 7315 991 10864 9747 3372 5942 6966 743 763 6647 3033 6117 13 2123 5699 8347 564 9704 1805 10522 4271 5238 7482 8008 5347 3380 11655 2032 5843 11941 7416 10248 8112 1702 2556 2244 4519 1854 7819 305 1960 2558 11324 7235 3963 4410 5674 8396 1942 5062 5216 899 6079 4294 6127 5483 6228 6617 588 3516 4968 1120 1234 5251 4357 1927 10539 2523 6177 363 3321 11755 9450 7725 10909 11409 3203 7461 11805 7053 8837 3329 9183 3248 7672 2362 2775 3640 5793 1427 1568 5764 336 944 1502 3810 6009 7075 8947 7009 788 2415 4434 7828 1471 6058 8012 4163 7742 2297 10955 4497 7615 3346 3415 3790 7028 5432 1061 9398 10052 11334 11407 6896 7533 9801 5880 8443 4594 8810 5160 5614 1852 2434 11264 1015 11962 10133 11487 6703 8438 10443 1148 4546 6579 4087 8247 963 10324 2935 10694 7557 7487 757 2807 4725 5075 7569 9692 9856 7763 484 10967 4577 799 1435 6395 8018 7270 4337 8213 3003 5214 769 10692 11605 7263 8136 4227 5770 5999 5790 10118 3561 11348 11403 8120 1975 2838 11084 11484 3618 5252 7648 2619 43 10278 4264 6273 7034 5125 117 10780 5365 7941 858 2534 5487 6051 7681 2570 10340 4691 6509 8262 312 1380 2885 5886 10484 47 3060 4622 10349 3303 6730 8561 2166 10761 11939 7019 7954 803 2411 5796 8510 3446 4067 6078 6461 1397 2978 8848 11394 7696 75 3158 355 2151 8248 9664 6014 8 205 5378 7889 27 10870 9948 10613 6906 394 9238 11142 285 458 3368 97 9949 11452 461 1454 10772 11983 6821 9447 10380 3507 5707 8091 9072 3240 10355 11774 6066 7647 11669 4824 5364 9155 9489 10071 11041 3275 5398 7217 7934 10434 2284 3995 180 4991 5987 9438 507 9030 5165 10005 2132 11718 1813 10729 9057 8188 953 1270 10148 4192 4699 7225 4627 7381 7668 8074 9465 1925 10972 3904 4220 5260 5595 1874 2212 5883 7806 1 3477 9263 9790 11168 7184 8395 2472 7178 8922 9001 10211 10562 6168 2217 7543 92 8842 936 1253 10268 5416 1529 4149 4986 11656 6419 6308 8422 9468 2851 2977 737 9003 2484 10135 1022 4089 5130 6910 7985 452 10169 3931 4688 5817 6400 538 4516 7854 2388 2593 6769 10849 6960 3940 4517 8497 732 9697 10301 10710 6675 7261 7479 1913 4607 9871 2335 10884 9066 11236 3142 6557 2460 10664 6520 10542 4860 5063 7922 338 7483 1931 6936 7923 3907 10230 10485 11672 11765 4353 1879 10779 11651 11302 3663 1323 10548 5111 997 9511 11009 11182 6421 6853 1792 5976 4597 7736 1122 9532 1921 7255 7103 4182 4615 9195 10460 3367 11553 5403 848 2902 4448 7928 11200 5374 1521 1784 2458 2708 11363 5446 6207 8281 8787 10603 2467 11028 11868 2271 2900 4984 6075 9462 2970 5752 1853 10668 10682 2955 8467 9211 11521 5215 5722 7149 536 9089 1836 8675 8543 1391 3370 1608 2409 4536 1199 9984 7848 9683 3219 3944 9354 7756 9997 10860 3828 6917 2421 5066 6530 7012 1575 9839 11510 448 1350 10041 4315 6290 1025 1988 9642 2401 10741 10319 2985 7911 8940 7964 10028 5350 7811 822 2846 10520 3373 3540 7424 8110 372 9475 8500 3377 6445 935 9128 8339 6165 6607 4634 7442 8092 10250 179 10289 6991 8568 2989 7106 133 4253 1457 6469 11653 253 10395 10553 10607 10932 5240 8750 2786 11012 4382 5885 628 2187 8090 8739 10487 2868 4954 3016 3562 4034 8199 4889 101 10056 3141 3279 8210 469 10386 11670 3633 4321 10050 2445 8827 764 7638 3505 5902 456 5084 10639 8692 9169 1039 1403 7421 6241 6335 167 10730 11249 8309 9969 6524 11354 9486 1544 1882 7321 9353 4907 8177 10372 9570 1918 4273 710 1396 1304 1581 9041 5998 2394 2440 10895 5248 49 1254 6071 7311 9591 5929 6324 4054 6059 8881 3052 3246 8346 10970 4625 5444 1274 9269 2752 8599 830 9926 5642 6460 40 294 8368 3037 4874 3918 7796 11133 3260 6161 4587 7565 774 8868 10154 11295 8914 1452 8728 3062 3841 5565 7276 3030 5989 6167 653 2814 3296 4835 9924 3276 7171 7411 7064 815 964 6612 11930 1795 7760 2907 4958 10152 11598 3482 4128 4796 449 6074 7974 8779 1251 4921 1307 11195 409 6107 3974 1729 3337 10075 2548 3041 11457 8644 5206 7835 9577 10751 3059 3364 3431 7277 8119 9663 9726 10164 11191 5827 7534 6764 9342 10189 3900 4245 4280 1929 3518 2146 4870 6237 6340 6565 5977 9149 10930 4351 6425 6462 11337 7693 8185 4734 795 5424 7950 9585 2404 11988 8952 11193 3891 5380 8297 9913 6312 3550 8280 2942 4934 6039 2564 8164 3712 6214 7200 3546 5337 5679 5761 6297 8577 887 2239 5397 5464 3273 4799 6761 5104 7096 3819 5381 5411 6370 2324 6635 599 2306 10908 4565 4062 2081 10504 2653 4106 6639 637 5849 11756 4403 9305 1695 2969 11819 7205 8109 1105 10431 11554 9464 4457 787 1698 2854 11376 1065 556 8514 11141 2871 4179 5058 9767 11667 4464 5020 10283 11213 6087 86 1229 11378 932 10142 3920 729 10776 3497 1732 10234 10611 7026 2779 11067 5124 7907 965 2519 5821 10482 2507 3768 6786 2157 10498 10868 5660 10186 5916 8693 1843 10979 5421 5671 8220 9206 10644 8622 3001 3619 4583 4924 6994 7083 7665 540 10168 10836 11467 11791 11853 3278 5194 2154 3365 6919 6973 11387 11592 3584 9765 1381 11577 4887 11850 5375 7365 3501 2122 10573 11318 7752 8760 9431 2446 7792 9487 9670 6434 8515 1168 6194 8825 5167 3846 5663 5870 7356 5881 9237 9422 6399 6593 8559 4673 7154 1888 5569 7570 2342 5168 8600 10099 2784 3163 5306 10215 10254 6649 476 3150 10320 10819 9850 2836 5769 25 8821 9259 1169 990 1191 2164 11961 4359 7198 7472 1708 11744 5736 5909 8130 578 9188 4225 8161 6914 11644 4955 1209 7132 7949 11747 5201 6775 7206 8554 1363 3403 383 9140 1532 2218 2649 11365 103 10579 6586 7288 282 2587 5097 5318 239 10153 2932 3328 10287 11955 4073 4144 6496 1355 2856 3820 6604 10661 8934 1870 11081 11759 7399 229 8623 5233 5243 5907 7480 1198 11679 5046 1223 1710 1412 11932 6726 2259 231 4526 8272 3933 571 3972 8271 9079 1938 10272 2251 3269 10492 10748 10784 6155 6382 9197 2083 8518 10132 11942 4018 3122 11953 4518 6393 6732 10705 3457 7112 8558 3004 11329 5728 8135 10106 4531 6318 3488 4381 5131 9235 10242 10477 4884 4998 9361 6144 1704 976 2911 8064 7077 8614 10585 3959 238 3509 6715 7286 1863 10344 3224 3994 7853 10458 2630 7705 3556 240 506 1749 4441 5959 3317 3612 5405 6201 1638 6338 7247 10981 8834 2624 11107 7858 1780 8078 1319 11716 68 250 7746 1652 10608 11543 10426 5725 519 2014 2370 3902 8406 466 2390 6621 6714 164 1045 1549 11446 1861 10167 3280 7467 390 4242 4660 1132 3732 4003 7477 10227 11951 11998 7836 11342 3177 7844 9394 1416 3166 7215 11301 3336 4827 8583 8366 8792 635 4113 1440 4447 5056 6483 9210 9968 3987 7057 1007 11787 4392 8279 9689 4114 4130 9789 2666 10901 2905 4906 8962 3226 7962 9382 10674 3655 4982 6035 8838 3862 6723 8729 2677 9370 9417 2177 2518 2189 8615 6182 2627 8527 393 6134 9973 4754 5237 8072 5610 7155 785 10742 4232 706 792 5848 8061 8198 244 1073 10535 875 10381 3112 3348 4539 1723 11709 10654 3024 3968 8802 4488 2611 11031 4881 3614 9097 1424 3081 5449 6885 7799 9255 9895 5166 243 2465 4338 546 1259 2340 5988 6004 725 9822 11544 6884 10222 3880 2143 11940 4422 5732 2724 2809 11328 7455 8458 10267 11564 1252 7529 1077 10062 2994 11468 5543 7611 11170 533 2438 7418 7190 2133 8538 11412 11618 5511 6486 7037 7130 10363 6407 8254 10147 111 1296 1332 9779 9799 1876 10079 2003 3147 6330 11292 4352 17 9389 10240 5668 6878 1288 1345 2153 2596 3704 5520 5879 1837 3342 11829 8587 10865 4666 7485 10351 5377 6841 1750 11978 8977 2258 3715 6219 4775 7162 7368 303 8738 8898 4945 4974 8400 10582 11496 2599 4380 7397 2874 1392 1917 4661 6200 8147 8418 8513 865 5581
8 1362
8550 4836 5283 7709 756 1881 5734 11131 8726 6495 6638 4215 4364 6213 9227 10651 11960 7448 1033 1037 10070 7757 8332 9965 2280 2927 11346 6627 7925 9939 8474 3175 3511 9847 11247 5643 8197 10894 10904 5313 3788 8588 686 8899 10383 10596 2493 3085 5187 5302 2313 5105 5925 7129 9455 6674 6504 4075 6118 5103 7865 2645 3653 4670 59 8679 2729 11996 5287 3379 5963 7536 10578 10775 7522 544 7259 7389 813 3262 5492 9671 8653 10123 7984 8298 8910 2209 11754 5820 2034 6718 177 3927 5960 6648 8154 8863 9193 10963 3439 3887 7654 252 9915 3506 5854 1052 10212 11584 5912 8385 5804 8149 8292 862 11256 6898 1054 1394 8035 9133 11727 3800 1720 7159 359 462 8783 8044 840 11314 7152 3838 11884 191 9240 9813 10823 6654 10290 11636 6555 9007 5273 6366 2647 5835 904 7429 7531 10422 2420 4758 2849 3677 4395 7082 8273 10359 6317 8071 8944 1340 7138 927 9316 11948 3996 4776 618 9796 451 1873 7246 7340 1136 10149 8799 10088 3188 8734 9203 9292 4100 2343 10660 8850 8571 1000 1299 10490 11840 7120 561 2131 401 2092 4623 4239 4779 8575 8835 10184 9920 11507 3508 9662 8039 8412 185 9899 4820 8423 8464 11016 11095 3007 796 7902 474 6745 780 2037 6785 2842 5071 161 5811 53 1365 9981 4762 8187 3723 4080 4756 11810 5199 3264 1075 567 9877 1760 11674 4591 8022 293 9698 1802 10429 5625 5934 602 9505 10899 7782 10332 11780 7628 10866 8053 8293 10406 3676 1741 11316 4249 8797 5528 1775 2262 1339 9393 915 5791 8169 1324 6905 7192 9310 1325 1983 1104 7013 9409 11993 3952 9327 3625 63 10956 5698 11483 4525 8736 9629 1989 4855 5357 7343 11826 4325 10966 5871 9838 155 768 7156 10871 2930 4589 3998 8643 691 3252 8189 1952 10423 10720 4210 4700 5484 8174 2087 7568 7961 153 3806 6913 3772 2020 9296 1395 551 11630 3465 11692 8374 11262 7740 4065 4891 6192 6592 9216 10762 218 738 9098 7346 9514 9824 11662 8601 4285 8058 619 2577 6494 227 1798 6823 8367 8093 2137 2663 5951 8021 622 2381 711 475 10341 8359 8432 9588 11280 10844 10200 8393 11123 4533 8746 10221 10633 276 2230 7771 7888 7975 11122 11271 4606 8900 10361 6606 7958 9050 9412 4789 1110 10317 6359 9371 9942 10715 8211 4098 6907 6423 8226 9844 3181 5335 2964 8411 8667 8951 9676 242 5596 10746 6356 2147 5420 5169 5395 11501 7039 8268 1845 4768 7523 1651 10141 2193 9592 1444 5259 5841 1748 6573 2077 7526 11694 11926 2470 2337 11113 3609 2382 11769 5082 6711 9497 1212 4595 7830 8859 5915 2088 600 10874 9090 9618 2538 2776 2783 5019 1477 3443 6585 1538 2359 6455 11146 5568 6133 11486 4867 2361 8190 489 9819 10529 4851 454 6605 3881 5904 8668 6608 940 2864 5352 6487 1057 9841 10012 5329 8001 1124 9792 4278 8655 1999 5290 7510 1426 6873 8015 3589 4621 2934 8954 5009 1641 2609 3191 961 5044 9870 2452 16 1405 11238 7495 6325 831 10984 5777 156 9020 9579 4962 3207 11404 11628 4480 8517 1690 10974 7364 1088 11267 70 2485 3807 902 2444 10962 4795 10525 11040 4913 6559 8820 9425 7871 71 6713 1611 3026 2528 4681 5656 361 3638 4199 6864 8546 10478 4941 5816 1115 10546 10713 7408 7102 7741 11777 7287 10957 7360 5489 463 3928 7500 1548 6037 9909 3601 8662 2530 10861 4191 5903 1565 10657 2797 2048 10973 3116 11556 377 9863 3038 4630 7104 7653 22 10403 7683 922 10834 10559 4534 5081 7355 7582 8840 1127 1514 3265 3825 2072 11703 4600 323 1839 9028 3592 6346 7035 8115 8355 5599 5997 1919 7233 8371 5112 2562 9596 5156 7715 9145 1953 7180 6544 3295 1713 3167 6676 2198 6521 3106 3290 245 346 8013 11440 11478 1557 867 11824 5177 10350 10269 10888 3263 5648 7528 7590 9103 679 3754 595 11764 7005 7553 1496 3693 5409 10670 7700 8179 10725 2022 5117 11172 3185 2664 3833 4582 4093 2379 3945 6310 4084 5839 436 952 11816 585 9651 4797 5310 5633 8935 2063 3631 687 7453 5055 5670 6301 9524 11472 6259 512 6771 10754 7804 9112 3094 11538 9008 3311 5867 6510 3009 6690 8063 439 3988 9649 6928 8227 11649 11066 1685 10592 2736 6666 11389 4454 9893 5005 11135 3011 6863 10565 4584 1842 4979 846 6152 575 10724 5985 4022 5952 3272 5623 6196 8504 4494 1210 9759 9337 10124 11731 11274 11688 11369 6296 8752 9941 4880 1318 5577 6651 1313 1473 5000 7160 8452 8453 8781 1001 2832 11529 4947 800 1648 11310 6482 7239 11541 3485 1036 1249 2000 10524 3773 9297 1997 2718 3598 7335 9994 1940 11739 5017 6497 2505 6208 9362 3034 6456 695 751 11732 2199 2744 5650 9219 6628 4107 6499 10291 3866 10887 11925 5824 7457 4181 7577 9049 10293 4995 5544 6615 563 1619 1333 3787 7475 2899 3834 2152 3451 4108 6995 8578 2686 8457 9830 7946 123 3135 4216 642 3674 7445 432 7048 5225 7933 10619 2710 3056 5933 7731 9257 9609 6191 5425 1404 4598 11263 11064 5314 10858 9975 2136 7823 10032 3077 7795 2719 6360 10886 10703 8912 1846 1868 11129 3093 23 6432 2205 6542 9563 4314 11822 3802 9500 10883 11646 4344 7322 10219 10947 656 10978 8056 6658 10337 6770 9776 2535 6105 8122 3826 798 4219 2080 3498 5140 1142 9717 2095 853 11361 11943 2015 10794 3478 8057 8096 104 10586 8745 3143 3289 2055 2827 9862 2747 9056 4334 1610 1074 2029 4377 6570 11815 4082 5224 6493 6539 4728 8148 3126 9950 10018 10296 5208 266 5580 91 4167 634 8687 1627 7617 4896 2961 3929 7755 10382 9970 877 2640 5379 1474 2695 11220 4524 1111 11027 4118 9424 9812 356 2819 7688 9453 3513 10800 12 8719 4102 4740 4400 647 1002 267 627 6970 772 4856 9743 1757 5975 3764 7093 8191 3014 8485 10699 11776 10510 8134 2247 2796 5555 6271 1464 11432 10134 5356 2417 7351 38 113 387 9287 7734 8931 2093 6548 10084 5613 1728 5798 444 11661 3475 4479 5023 8637 6089 677 9406 3287 2079 3626 5305 7385 7903 2498 6684 7957 171 8851 1321 7068 1150 8725 10995 4194 5092 4402 6342 968 3698 5001 6429 7901 1850 2595 5840 11673 11620 6403 4585 6547 10284 5096 5936 8742 3805 5326 1994 10842 11796 4863 5888 9202 73 2348 8216 138 951 1578 7846 6049 7948 10587 11719 9077 1101 1841 8243 10588 4859 339 7388 7407 1965 6551 3960 10245 10503 4592 11127 8240 2576 10178 2888 5533 8052 10959 5394 606 1886 9413 4053 10086 8753 9312 1272 3924 8066 7921 8875 1006 4806 210 2426 10820 6961 8864 9023 1284 9538 2402 10990 11380 554 2184 7229 7749 8896 3913 8652 10044 3503 2673 2939 11603 5662 5962 7859 11887 3851 9166 992 7066 9364 10749 9009 10726 6101 10129 2782 7612 2469 3304 3649 3193 4609 5927 7768 1791 2785 6737 9110 9367 11224 8548 8702 4837 6431 8089 1258 5053 8264 8770 2254 1342 1085 2844 4274 8585 11045 3603 4288 3319 4537 6527 7091 5606 6284 6287 5328 7982 3795 6729 9995 6667 797 947 251 4011 2084 3144 6471 1499 2256 9381 1476 4671 5050 8317 2396 11430 7783 9501 2735 2881 3294 5037 5366 9215 8080 6895 1358 411 956 4657 4366 4611 8290 10934 3334 3522 1615 9198 6478 11569 1661 1970 2598 4406 7965 3512 4061 7238 8005 9444 1029 11878 4362 8417 2243 4793 2739 5410 4663 6721 8450 7674 9608 11154 32 2723 5741 9918 11096 11148 1275 1341 2903 10433 3270 4743 8260 2039 6897 3208 6474 7833 7919 671 11121 11906 11116 11225 8094 297 9741 1678 5836 10695 3079 4579 6280 6473 3816 5695 10190 2129 11166 10137 3770 4433 6244 8993 1131 9831 8528 581 3559 8310 8033 9415 2367 6043 6098 604 2316 781 2514 1944 11804 9804 11488
23 922
11834 4097 874 1413 9121 1369 5351 10199 11362 11639 8897 2320 4631 10810 3824 2574 4231 10483 7750 7212 8824 212 8673 6998 3932 8334 442 999 8113 2986 11233 7641 2504 6398 2631 4892 7815 545 1188 3641 4429 5031 127 11645 434 10157 4501 3362 3595 9171 2384 7548 7690 4696 11498 93 10366 11396 1276 6861 2945 3220 9944 4313 10127 8473 3118 3725 6601 5322 3521 9846 1286 5766 5450 11320 4135 4033 8168 6489 6128 10415 9705 9873 3948 4158 2937 5825 182 7143 1071 165 1138 4687 9272 2435 7401 5452 11022 4833 6391 7310 661 8116 6678 2628 7438 9159 7392 1894 6106 10745 4635 7462 11904 4790 5995 10304 10499 9326 1620 11303 3205 7325 9102 9605 2757 9961 10759 4440 987 9650 2496 7532 8496 5480 1525 1849 5049 9469 280 9488 7979 9483 7576 1554 1794 582 8234 10777 6852 2768 9781 3686 639 1298 10310 856 5330 6181 5467 6351 1783 2676 553 11079 3228 11557 11607 973 9851 9869 8873 11106 6459 3063 2206 755 1982 2332 11475 5627 11917 8990 4467 7142 2957 5085 3702 5941 8478 2385 9787 389 1625 5797 8818 7704 4060 4823 5282 6111 418 6537 4001 615 2273 4267 4818 3736 4171 8520 5325 3865 9178 4605 5060 5807 6072 1193 9883 11964 6656 8946 9888 1774 7832 6902 5572 5954 5453 11851 1398 5393 9713 10867 576 4830 6225 3923 11355 8701 5400 6175 8270 4190 2358 672 7884 2403 587 4129 5036 10495 8634 9628 5891 10752 11299 11357 11390 11108 5461 10243 5996 5647 2127 8722 4637 6872 2799 4721 8994 7006 2929 9907 2990 8127 11912 4557 10807 5355 11388 8129 4007 4966 11207 6198 345 1230 3209 2466 11306 6083 6596 9930 10595 8038 6088 1936 3743 3002 8265 6341 3545 3569 1349 9672 7236 11368 5285 7347 131 4358 6920 5760 5810 8704 9170 8341 9633 3953 6923 11374 11279 7729 9442 8567 6774 9069 5594 11282 9533 6132 10439 8803 395 1884 1042 6843 10020 4722 9268 7279 2062 10256 5930 4254 657 5426 1543 6834 2837 11833 4120 10549 6833 11982 4238 5253 10119 8353 4547 4668 4989 1372 9780 2923 9161 6522 7995 3632 6240 1409 7334 2533 2769 1008 254 7137 5147 6681 373 6011 5619 4083 128 4667 4187 7751 4350 8475 9494 4198 5275 6990 5971 2880 10255 8664 9154 1063 5539 10911 5376 8929 5057 10210 3310 9307 3574 3548 8777 2991 10078 6686 3414 7845 5622 6147 11183 3194 9221 995 10952 7304 11017 11293 2236 7097 9763 10992 7371 8441 2730 7821 7987 4237 5558 5681 137 4645 10575 1696 9006 5383 8228 11615 7820 4741 3064 8195 7380 3325 431 2928 5315 3101 7425 134 203 2693 6631 4769 5516 4025 45 491 2112 7977 10616 9990 3221 3341 8540 3015 1411 28 6386 8627 9410 2500 1951 6753 6778 9549 3186 9496 1353 6126 8403 7125 7886 726 1590 7079 1154 9541 10537 10677 3756 7333 1838 6046 11619 9189 5190 2371 2656 9771 8928 4809 8986 9101 11548 9904 152 4864 9879 2175 8639 10298 1421 11789 9449 3005 146 5239 5018 3125 3174 6124 10704 11699 1102 9952 1463 9456 1316 6150 2125 10945 11062 3709 10356 3199 7412 56 6702 8106 328 7499 3211 6441 6653 8415 11697 1669 1374 7753 8814 5072 62 3382 11371 10568 2520 8100 6236 11643 3624 8523 11482 1901 5083 11803 9120 5462 10457 9076 11641 2883 9568 6199 2255 8707 5898 8413 10470 5478 934 9749 8884 3681 597 5341 10659 11968 6632 1422 5312 8619 7955 1895 4040 5731 11459 4196 4411 10379 4701 4794 1281 2412 1920 2968 7790 7202 9033 1190 1622 2061 140 11126 8342 412 7273 187 4451 10687 3100 3817 8521 4566 6070 2307 10057 9546 5491 277 10666 8420 6802 11763 9865 2226 7181 5247 4059 1613 316 8880 1524 1175 3733 5983 174 248 8036 10676 1650 6680 629 10506 4765 1170 11919 7791 11228 1017 4139 9251 11339 3593 9063 5559 4197 6799 11970 7822 717 6903 2606 4576 1513 1297 4341 11915 4200 10824 9554 8892 5602 5894 4832 9017 129 2620 8846 11307 7220 10854 9419 4450 2922 8327 8948 2943 4771 9245 7627 6295 2300 7054 5802 11042 8888 9038 8757 1668 1781 7733 11702 4078 10620 7109 8126 8386 3396 9731 10176 4618 60 5459 2451 7530 10308 8282 7994 6173 7070 3879 8183 9418 11360 8307 6710 8224 6234 5529 1512 7677 2169 5162 2861 8793 5738 6553 9372 2852 7267 5354 2459 917 4916 3970 8288 5288 6921 6218 11221 10262 10545 791 9858 4383 8853 4709 2772 4204 4343 7115 1186 10940 872 3253 1320 2310 2200 4636 6008 7153 3130 5767 3724 2629 8916 9436 2140 302 698 1481 8920 1047 7404 678 10263 8388 1303 10557 819 2876 1986 2442 10203 4303 6724 3664 977 7133 2319 8170 9 7084 11251 3249 3602 6980 1271 11458 9901 7883 2623 10942 5527 11680 10455 7645 10700 782 1335 7720 9983 10702 9078 3237 4511 10839 2521 3055 5628 57 2457 11059 921 3579 1053 4643 4831 654 10034 6289 6889 7100 6877 2357 3519 3202 5026 3103 1173 9445 9241 1535 4917 1722 583 7166 3402 7513 5611 8714 4846 11323 9429 7992 11464 1727 3809 2241 10716 7300 5584 11169 4363 7145 5476 3195 5095 11336 4420 5515 10636 591 722 4953 9379 7561 54 8782 7375 4370 6717 4791 9150 4815 10171 2160 4624 8194 2884 5685
6 326
10576 8613 8698 10089 2021 11974 9317 511 1958 1649 6795 3869 5788 3942 3471 6738 9025 3538 6516 5502 11741 8121 11489 1635 8284 724 11857 8847 7656 5711 7074 5733 5859 7838 5299 8404 410 9814 3697 2059 1987 9775 8646 7126 8812 11828 11838 4105 11343 2604 4134 5620 7240 5882 6888 1736 6332 5132 10138 3882 517 10783 4349 6584 7556 3782 4066 8407 4763 5384 7069 928 5245 4248 5270 11895 3758 9988 3939 10765 4780 6946 8492 8791 2366 10511 2895 1367 2159 4398 4781 2156 2675 1451 1164 483 7265 10891 15 7168 9311 2637 7338 1371 5910 1181 6679 7505 2879 8560 7024 966 3139 7861 1765 2941 1640 4939 2076 8976 3399 11696 3660 2952 6794 3658 11984 5300 9303 2196 4723 4414 10837 11268 10993 1763 4996 9632 5360 4153 8117 3187 11377 3151 11163 11413 2567 6867 4124 9919 7986 3617 8283 11525 1064 7063 7209 11617 6417 662 9322 8586 9323 2148 2439 8529 10606 4174 9064 6922 10329 7318 9558 3967 99 8557 8252 11034 9654 5831 3266 3992 4127 6523 423 1137 4716 8399 3588 6825 11438 11852 7971 3463 4259 7512 3784 3408 3635 4586 8776 10082 6787 3525 3666 3839 1153 332 8454 5564 11748 5003 4140 10117 1956 7616 11332 9582 2648 2542 4641 8788 2920 9755 6233 8865 10224 11861 3938 11626 988 10946 1914 10467 7313 3785 9334 1172 8255 11098 11094 11205 7936 5153 6384 447 8556 2701 7724 1811 5981 4431 7377 10453 10830 8016 2683 11937 400 1893 11038 4206 6534 2859 6868 4535 7604 10925 6854 11847 11114 8287 5481 10533 3792 5257 8133 753 6939 9754 5757 6826 6959 1263 1312 7521 6092 9207 7664 2582 7552 9610 51 8602 2554 8345 1755 2111 5333 8592 9845 1376 4639 10581 4394 5191 1510 636 9700 2996 5857 5723 624 1108 11159 5554 4183 8459 7747 2960 7613 11372 11485 11008 11654 8180
