6
8 2731
2914 8550 10054 2030 4836 5283 6044 7709 8596 630 756 1881 2547 10764 11806 5734 11131 8726 1756 10107 10456 6495 6638 11010 4215 4364 5271 6213 9227 10651 11960 4680 7403 7448 9173 1033 1037 9414 10040 10070 2478 7757 6518 8332 9965 2280 2927 11346 4008 6627 6707 7925 9939 2330 10798 2863 3461 6110 8474 3175 3511 7567 9847 11247 5643 3922 5346 8197 8318 9182 10894 4529 5389 10904 5313 3906 10628 3788 4717 5204 8588 686 8899 2012 10383 10596 2493 3085 3821 5187 7128 11477 5302 6376 9388 9638 2313 4081 5105 5925 6148 7129 169 9455 3445 7384 573 6674 7164 8996 6504 6744 9817 2486 4075 6118 5103 7865 598 2645 3653 4019 5526 728 4670 59 9720 4049 7366 94 8679 2168 2729 11490 11996 5287 7374 9062 9430 3379 5963 7282 7536 473 8909 1048 10578 2007 10775 3148 3409 7522 544 1553 7259 7389 287 8937 813 3262 5492 7344 7572 9671 8653 10116 10123 11115 4858 7984 8298 8910 2209 10550 11754 5820 341 2034 5150 6718 7649 7307 177 8964 3927 4268 4817 5960 6648 8154 8233 8863 9193 10963 3439 3887 4918 7654 2308 4009 252 2499 539 9915 2456 8983 10170 11023 6067 416 3225 3506 5854 1052 10212 3170 11584 4714 5616 7353 5912 8385 1437 2027 3430 3868 5804 44 10737 3651 3840 7875 1420 9978 3780 6329 929 8149 8292 862 1174 10760 11256 5164 5430 6898 8849 1054 1192 1394 8035 232 9133 6418 2277 11727 3800 144 1582 1720 4489 5765 7159 7629 359 398 462 8783 8044 8363 766 840 11314 7152 3727 3838 955 9363 11884 191 1922 9240 9813 2552 10823 5090 6394 6654 10727 7620 7682 503 9386 4943 10290 11636 11809 6555 7940 2406 6477 9007 1569 5273 5415 1090 10314 6366 8042 2647 5835 8882 904 4895 7429 7531 295 10422 2420 4758 4948 5965 2849 3677 3962 4395 6512 7082 8273 10322 10359 3801 5061 6317 8071 8944 1340 1955 9014 7138 927 9316 3656 11948 3996 288 937 4747 4776 8055 618 9513 9796 7869 451 9580 1873 10375 11364 7246 7340 1136 11327 8650 2468 10149 298 8799 10088 2336 2584 3188 3665 4157 7123 8734 9203 10396 11892 9292 1541 4100 1834 2343 8246 2341 10660 11000 6227 8850 8384 8571 1000 1299 9993 10490 11840 4436 7120 561 2131 4893 401 8708 2092 4623 3232 4239 4779 5070 5172 8575 8835 9589 10184 10463 9270 9920 10626 6245 9117 11507 3508 1279 7078 11171 7618 8431 9662 8039 8412 185 8756 1315 1429 9899 3613 4820 8423 5236 7244 7249 8076 8464 11016 11095 8566 5575 1993 8239 9299 9536 3007 4745 5010 8077 796 9137 9302 6963 7902 474 8877 3293 6745 579 780 9308 2037 10302 10334 9848 2272 6785 8150 1368 2842 5071 5876 6692 161 9953 11091 5756 5811 53 1365 9981 4762 8187 6860 10481 3723 4080 4756 6205 7785 8019 10951 11810 5199 3264 1075 1976 10208 11995 5042 2678 567 9877 1760 11674 11740 4591 7516 9894 10627 8022 293 11712 403 771 969 9698 1802 10429 5625 5934 6759 37 602 9505 10899 11462 7782 10332 11780 7628 10866 6955 7619 8053 8293 10273 10406 3676 3384 8160 6444 6831 8250 368 8763 8971 1741 11316 4249 4562 6695 8797 9769 10002 5528 1775 2262 11722 1339 10797 11344 9393 1785 10906 915 11711 5812 1306 11373 5552 5791 8051 8169 742 1324 714 5499 6905 7192 889 9310 1325 1983 10774 10892 5276 7914 1104 2972 7013 9409 3078 11993 660 3952 9327 3625 63 286 10956 4125 5698 6306 7721 100 7476 8724 9275 9998 2301 11483 406 705 1494 11234 11243 4525 8736 9629 4020 6410 1989 4855 5357 7343 470 1860 11826 3358 4325 7274 3162 986 9903 2893 3661 4932 10796 10966 5871 7942 10201 9838 8469 10555 155 768 1447 7156 10871 2930 4589 5244 6800 2616 11905 3998 8643 691 1227 2654 10493 3252 3798 8189 1952 10423 10720 4210 2041 3427 4700 5484 8174 2087 7568 7961 153 10335 3806 6913 8102 268 11623 3772 6466 1609 2020 10857 2038 9296 1395 10473 551 645 11630 3465 11692 4039 8374 974 3067 11262 4243 7740 6947 4065 4891 9358 3484 6944 1488 2094 6603 941 6192 6592 9216 9553 10762 6912 218 738 9098 3737 7346 10047 9514 1147 9824 11662 4221 8601 11914 4285 4328 7414 8058 619 2150 2577 6494 9356 11254 227 1798 6823 8367 1026 1265 1687 8093 10274 2137 2663 5951 7717 8021 622 2381 5517 711 6311 7315 475 9324 10341 10864 8359 8432 9588 11280 3372 6966 352 3 10021 10844 3870 7284 10200 11713 8393 564 11123 11128 4533 8746 10221 10633 4792 5347 276 2230 5887 7771 7888 7975 9345 11122 11271 4606 5843 8900 10361 6606 2608 8112 1948 7958 9050 9412 3496 4789 305 1110 10317 11324 6359 9371 9942 10715 2987 4410 8211 943 1942 10645 4098 5216 8357 9092 6907 1831 4294 6423 8226 413 3644 6617 588 5423 9844 3154 3935 4086 2356 109 716 1908 2523 3181 3599 3850 5335 6177 6337 869 2964 11755 8411 9784 8667 8951 9576 9676 242 2073 5596 7461 10746 6356 8837 2147 2378 5420 7640 3248 5169 5395 5833 2775 11501 7039 8268 1845 4768 7211 7523 1568 1651 10141 10247 944 2193 2475 9592 1444 5259 5841 1748 10672 6573 2077 4163 5436 7526 7742 9761 11694 11926 6040 2470 2938 5281 7860 2337 11113 3415 3609 4937 2382 11769 4628 5082 6313 6711 9497 1442 1212 4595 7090 7830 8231 8859 693 3836 5915 2088 5160 7976 600 10538 10874 9090 9618 2538 2776 2783 11264 4021 5019 1477 3443 9081 6585 1538 2359 6455 900 11146 6579 7595 1601 3786 5568 6133 6513 6739 963 10694 7326 8336 2069 9820 11486 4867 7487 2361 2807 7569 8190 489 9819 9856 10529 11408 4103 484 3526 4851 454 11418 4601 6605 3881 5429 5904 8668 6608 8979 11605 5524 7263 940 2864 5352 5999 6487 1057 9841 1712 10012 5329 8001 1124 9792 10118 4278 5905 364 8655 1999 5290 9625 11084 3618 7510 1426 4264 6873 8015 4727 9070 2315 3589 4552 4621 1657 10340 916 2934 5359 8954 5009 1641 2609 7966 7988 47 3191 961 1157 10035 10349 3303 5044 274 8561 9051 9870 2166 2452 11117 16 1405 11238 7495 2411 6325 6078 831 4616 8848 10984 5777 7696 156 9655 355 3937 9020 9579 9664 10252 4962 8 3207 11404 11628 4480 5865 8517 1690 5205 7989 27 485 1637 1847 10870 10974 7364 1088 9948 6906 1815 11267 70 285 10017 2485 3136 3807 812 902 2444 10962 3023 3368 4795 6602 97 10525 11040 4913 6559 256 8820 8903 9425 7871 71 480 8672 1453 6713 1611 3507 9072 3026 4176 2372 2528 4681 5656 6066 7423 361 3638 4199 5570 6864 8546 9489 10478 2408 4941 5816 1115 1356 10434 10546 10713 7408 11130 7102 7741 9088 10277 11777 4512 4991 7287 206 1978 9030 10957 6962 7360 10005 5489 463 1813 10813 11947 3928 7500 10729 1548 6037 10148 2285 4699 228 712 9909 11004 3046 3601 5751 6140 7225 8662 4976 2530 10861 3259 11533 4191 5903 9465 1565 10657 2797 5289 5595 2048 10251 10973 3116 11556 377 9863 3038 4630 7104 7653 7993 22 10403 3087 5883 5955 7683 922 9263 2167 10834 7178 8922 9001 10559 6168 7179 11600 4534 5081 7355 7582 8840 7446 7543 1127 1253 1514 3265 3825 2072 11703 1529 10875 4600 4986 323 1839 6157 2540 6308 11707 5828 6172 9028 3592 6346 7035 8115 8355 10111 5599 5997 6725 1919 3565 7233 7432 8371 8564 9800 5573 2741 5112 452 2562 3931 9596 5156 6892 7715 9145 1953 6769 7180 1439 6544 3295 1713 3167 3940 6676 2198 6521 10710 2789 3106 3290 245 346 6060 6675 7261 3642 8137 4684 7937 8013 1912 11440 5782 9710 2335 10884 11478 4424 3282 5692 816 1557 2351 10664 6357 6520 867 194 9885 11824 5177 7483 611 9029 10350 6936 10269 10709 10888 3263 3907 3971 5648 7528 11672 11765 6613 7590 9103 3385 7486 8221 679 3663 3754 595 11764 5111 7776 997 7005 7553 1496 11186 3693 5409 10401 10670 5729 7061 5976 7023 7700 8179 1163 1500 10663 10725 11676 4597 7579 2022 3088 5117 3901 4615 7237 10460 11172 3185 1592 2664 3833 4582 4608 4093 4448 9378 2379 3945 4272 6310 2270 3247 11451 9401 5399 4084 5839 436 952 11816 6447 585 9651 11868 4797 5310 5633 8935 2063 2271 3631 687 7453 9142 1167 9462 3115 3268 5055 7673 2970 5670 6301 9524 3084 11472 6259 8024 512 659 11521 6771 10754 8675 1080 9802 7804 350 754 9112 3094 2409 10368 11538 9008 3311 5867 880 9162 1812 6221 7622 10707 6510 3009 6690 6917 8063 439 3988 5304 9209 9649 6928 8227 10041 1857 3389 52 1328 11649 11979 11066 1685 10592 2401 7794 2736 6666 10833 2705 11125 11389 4454 9893 5005 11135 3011 6863 3373 10985 2965 4408 10408 10565 4584 9128 1842 4979 5637 846 3775 6152 6165 575 10724 5175 5985 179 775 4022 5952 8568 2989 3272 5605 5623 6196 8504 2756 4494 1210 7573 11370 9759 10607 3210 6987 8750 9337 9368 1634 10124 10238 11731 4382 11274 11688 8739 2868 1945 3608 6472 1939 11216 9674 11369 6296 8752 9941 6777 4880 8827 764 779 1318 5577 6651 1313 2182 3251 5902 456 1473 4555 5000 7160 8452 8453 8781 8692 1039 1403 3738 7421 7 6335 6817 1001 10730 2832 11529 4347 4947 5531 8490 800 9828 1648 11310 6130 6482 1466 11728 7239 1882 11541 3485 1036 1249 2000 2263 11164 10524 11638 3773 7107 9297 1997 2718 3598 6224 7335 6156 9570 1918 6023 1396 9994 1940 11739 5017 6497 10019 2505 10743 6208 9362 1581 8258 1302 3034 6456 7767 695 751 1254 9537 11732 6050 2199 2744 5650 6071 7275 9219 6628 4107 6499 8881 9265 1751 1964 10291 3288 3866 1062 10887 11925 4625 5824 7197 7457 4181 6135 7577 9049 9132 10293 4995 5544 8572 6615 5846 563 9675 294 1619 6865 1333 3787 7475 9653 10900 2899 3834 2152 2303 3451 4108 8419 6161 6995 8578 4587 10811 2686 4554 8457 9380 11295 4883 6716 9830 7946 123 8728 3135 4216 5565 7276 7491 11218 3908 642 1109 2862 3674 7445 9924 3276 7183 432 9753 4345 7048 5225 7933 10619 2710 3056 5933 7098 7731 9257 9609 6191 1362 2907 5425 5792 1404 11598 3482 4598 4796 9212 11263 6242 895 1605 11064 5314 7978 9260 9896 10858 6836 8524 9975 2136 409 8690 7823 10032 1996 11087 8390 9160 3077 580 5145 7795 2719 6360 9577 10751 10886 11836 6054 8470 1598 10703 3431 154 8912 9726 1846 1868 2626 11129 3093 23 10164 11683 6277 6432 7534 2046 2205 2311 10189 2480 4245 4720 6542 289 9563 4314 8303 11822 3802 7765 739 9500 10430 10883 11646 4145 4344 7322 10219 10930 10947 4351 656 9598 2448 2636 10978 8056 1804 10065 1910 10771 6658 10337 11999 6770 9776 2535 6105 8122 1730 3826 2742 5380 798 4219 2080 3498 4508 5140 1142 4726 8642 9717 2095 3854 8164 853 10804 11086 11118 11361 3712 11943 7200 1606 2015 10794 1076 3478 8057 887 4750 7015 8096 104 10586 4042 4963 8745 3143 3289 9290 2055 2827 8526 9862 2747 9056 10996 4222 4334 1610 2103 2743 6370 6112 6635 8826 1074 2029 2306 4565 5884 4062 4377 6570 2081 10425 2447 11815 4082 5224 7170 3568 6493 6539 8206 4728 8148 3126 6643 8761 9002 9305 9950 10018 3827 10296 2969 5208 8416 266 5580 6025 8109 91 10686 11554 4167 5563 634 8687 1627 7617 945 4896 1772 2961 8695 9214 1241 2066 10496 3929 7755 10382 11505 9970 877 9517 2640 5379 6087 1229 1474 2695 11220 11378 4524 1111 10142 10688 2828 11027 4118 9424 9812 356 2819 11226 3426 5994 7688 9176 9453 3513 8844 10800 7774 12 8719 4102 4740 4400 5124 7227 647 965 1002 3006 267 627 2507 2688 3768 3814 6786 6970 772 2157 11677 4856 6982 9743 1757 5975 160 10376 1264 3764 6549 2545 5227 7093 8191 3014 6545 8485 10699 11776 6766 8220 10510 5680 8134 2247 2796 3619 5555 6994 7083 8735 10168 2295 6271 8703 1464 1469 3051 11410 11432 10134 3722 4306 5356 2154 2417 3365 11843 6919 6973 1003 11387 5861 7351 38 113 387 9287 7734 8931 2093 11850 6548 7365 10084 11375 5613 690 1728 10573 11318 8760 10569 5798 444 2706 11433 11661 3475 4479 5023 7792 8637 9670 11586 6089 677 736 9406 2267 3287 8825 2079 10718 3626 3873 5305 7385 7903 8573 2181 2498 5663 6684 7356 5547 5881 7957 171 8851 9237 1321 11846 6399 6589 7068 1078 1150 9392 4673 8725 10995 4194 2342 11546 5092 6099 4402 6342 968 2784 3305 3491 3698 5001 6429 7901 1850 10215 10254 2595 5840 3150 11673 10320 10819 11620 6403 3726 4585 5769 6547 10284 3604 5096 5936 8742 990 3805 5326 11744 4240 5909 1994 10842 11294 11796 4863 5505 5888 6914 9202 3182 73 1209 2348 11522 7949 8216 138 951 1578 7206 7846 1903 6049 7948 383 9140 2218 10587 3223 11719 11 103 9077 1101 1718 1841 11946 6586 8243 282 1998 10588 4859 339 2901 3086 7388 7407 239 1965 2331 6551 3960 6616 10245 10503 11611 4592 2345 11127 3985 8240 1959 2576 10178 2888 5233 5533 8052 2755 10959 5394 5957 606 1223 1886 9413 4053 10086 2259 5474 8272 8753 9312 1272 3924 3933 7354 7998 8066 7921 8875 10272 1006 4806 6382 210 429 9197 7758 11942 4018 4942 2426 10820 7017 8087 2944 6247 9943 10705 3457 6961 7112 8864 9023 1284 9512 9538 2402 10990 11380 5728 554 2184 4531 7229 7749 8896 1707 3488 3913 8652 492 10044 10276 3503 2673 2939 11603 5662 5962 7859 9361 1484 11887 2911 3851 9166 992 1992 2016 11232 7066 7077 8614 9364 10749 3155 3376 9009 7723 8155 1863 10344 10726 6101 10129 2782 7289 7612 10566 2469 3304 3649 482 506 3193 4441 4609 5927 7768 1791 2785 5869 5405 6737 7071 9110 9367 11224 11454 8548 8702 10599 8834 11107 4837 6431 8089 1258 5053 8264 250 8770 2254 1342 4335 1085 10910 2844 4274 8585 2370 11045 3603 3902 4037 4288 4849 466 524 2390 11566 11856 5712 11446 10167 3319 4537 6527 8320 7868 122 7091 1673 10227 2350 11342 5606 6999 9231 6284 6287 1968 5328 7982 3795 6729 9995 11301 4827 6667 8862 797 947 251 11319 9390 4011 4447 150 2084 10486 3144 6471 7327 8696 1499 2256 2329 4114 9381 1476 3323 3888 4671 5050 6969 8317 2396 2400 11430 11431 7783 523 9501 2735 2881 3294 5037 5366 9215 1308 1459 5587 8080 6895 7663 8729 1358 411 956 9370 4657 5720 2189 2443 4366 4611 8290 10934 3334 3522 4478 6182 8878 1615 9906 10634 2627 11705 192 8527 393 9198 6478 919 9973 2665 4468 11497 11569 1661 1970 2598 4406 7965 3512 4061 7238 8005 421 9444 6094 7285 8299 244 1029 11878 4362 8417 1856 10381 2243 11730 4793 1723 1803 8017 10654 2803 11270 7027 2739 7680 4488 5410 4230 4663 4881 5684 6721 8450 8775 10175 5449 7262 7674 9608 1869 10451 11154 6581 32 2723 10045 5741 6004 9918 11096 11148 7241 443 1275 10594 2771 1341 2143 2903 11940 6405 5123 8458 10433 3270 4743 7529 8260 2039 5013 5100 6897 1393 11170 3208 6474 7110 7833 11867 4261 6285 6977 7919 11858 5652 671 1631 6503 11121 11906 6486 11116 2947 11150 11225 3172 11537 5780 8094 8254 1556 2288 11933 5348 297 9741 1678 10003 2338 5836 10695 3079 4579 841 1876 6280 6473 6768 11292 3816 4352 9389 11424 5695 10190 2129 11166 5579 2153 10137 3342 9545 1511 11800 3770 4433 6244 6807 8993 1131 9831 4378 6841 89 8528 581 10943 3559 8310 8444 4775 7839 8033 8898 1097 9415 2367 6043 6098 8400 604 2316 8648 781 2514 4298 5388 1944 11804 1917 6200 8513 1579 9804 11014 11488
3 2306
4755 11671 700 2309 4170 4713 6413 9416 5949 6397 273 2586 2834 11922 9332 1932 8047 147 1655 10206 10507 11241 4946 5923 8065 2204 11208 11429 8466 9842 10096 2981 3413 4854 7230 8037 8771 2035 7867 8462 9940 6763 7862 9864 5144 9490 10384 11762 9677 10183 10615 10863 4613 8166 871 985 1423 11597 6630 3529 5211 7010 5080 6904 10914 11698 7043 11033 4043 5443 5629 4226 6203 3499 11901 1825 3184 9892 3343 7295 6811 11259 384 8647 2717 4432 11509 5200 6309 495 10022 2946 4862 6160 9816 2110 7280 386 9434 10416 11585 5918 9933 10094 3353 821 8175 11463 5266 5689 8532 520 7716 2669 3535 11792 3643 8618 9031 1445 7745 10656 2817 7036 213 9233 1382 2618 3165 5185 8300 2010 3292 4764 9503 2495 11206 4866 6620 8806 1260 4058 5700 6810 148 9280 1388 10731 8006 10469 10681 3352 6909 967 6742 7245 10139 11321 3637 5024 6164 11181 8354 1262 11030 10097 2161 7519 380 2025 8807 2221 4875 9013 10177 10773 5705 6446 6989 9599 10988 4772 4798 6508 688 10402 9962 2433 3359 7812 10225 11493 4904 9835 11526 5693 5974 7044 9108 5457 8699 854 1507 750 1056 3456 1607 9480 11567 4897 6108 1070 279 1189 1867 6026 6424 8193 10120 10306 8713 4950 5107 7660 4444 762 1806 2192 10427 2553 9315 1269 5218 9336 3977 10345 10632 10061 1151 10202 2013 4644 5193 3981 4475 4659 8352 8768 9433 3864 3898 8712 8885 4490 5230 10092 7456 8196 8985 9921 10049 2227 10526 2904 6184 6375 9247 10570 3474 2953 11177 7583 1348 11190 11209 6881 4031 8373 1292 1814 10357 2581 3587 3371 11392 4330 5860 7268 10112 10580 2539 11089 3760 5655 11082 5382 7707 7952 9936 10193 7464 7509 11897 3986 5250 10188 8628 11751 11985 4840 5657 7597 2219 3120 11530 3607 6515 8079 2416 1588 2190 3581 770 1468 6365 6700 4096 10711 11138 3271 55 10387 2667 11460 6501 2489 10919 3489 10130 4045 4437 8607 6457 1515 2070 6053 6480 2830 4284 4438 8401 9087 2292 10728 95 3071 6262 7450 18 715 1626 6587 8335 9343 11088 3189 3852 1305 11137 6911 3129 4323 10923 3021 6012 6385 11214 4360 6212 6353 9157 3108 6965 9432 3961 5658 6894 1338 6139 6189 145 8439 8830 1684 10258 2101 3256 7441 10173 2120 5471 6698 649 1231 9648 10508 10516 3393 190 5295 7257 2287 2924 4057 5292 5604 8433 1215 9607 11749 3823 4876 6102 1644 2716 4151 5961 1093 7157 8740 3650 5669 7675 3734 5106 1370 10862 3132 4369 8536 9300 7558 7990 8465 9691 10454 2956 5814 6426 2767 10968 6957 3301 4052 9951 10998 5503 6005 8338 2522 8957 2275 3097 4229 10612 4509 2563 11631 3979 8608 9239 1897 10843 2745 3858 4850 158 11773 9575 1930 11020 11275 4703 8629 4010 4384 5762 7008 10016 9427 2524 3179 3759 6930 6954 7541 5151 7049 8817 6760 6875 7119 9095 9573 5873 1671 10502 5327 721 9276 6095 8142 9466 6439 3306 4563 9126 5088 696 9205 1991 5571 5922 2116 7829 978 3406 3695 5523 9758 2427 3031 3936 6347 6689 8205 9559 5267 2261 2387 5184 5488 5676 2183 5115 6081 3778 4465 5510 6350 9048 4024 7999 8073 270 530 11278 11335 3285 6985 10249 4028 5052 6950 2578 2800 3520 3523 11784 596 6314 6812 275 4015 8754 10280 3714 9960 1924 4286 8162 8635 8980 2892 493 9194 1357 1489 10437 3459 4255 5897 9428 11687 7710 4549 7038 7231 2026 5906 6010 6458 11384 3543 6595 8461 291 1858 10377 3537 3843 4813 5186 6646 8269 8350 11665 3530 281 5950 6876 7824 4733 5535 5823 7571 392 996 2477 5119 6041 6498 6712 7242 8156 5434 5775 7312 1359 11883 5920 6688 8214 8796 814 2551 3813 3950 7146 7744 8709 11272 5179 5551 7808 623 1566 10066 10684 11627 172 1776 11078 11425 5635 6246 7218 427 9153 8686 2195 3028 6752 7228 7508 379 991 9747 3883 5942 743 763 6647 3033 6117 13 2123 5699 8347 9704 1805 10522 10544 4271 5238 5475 7482 8008 10140 3380 11655 5630 8917 2032 3990 7596 2091 3197 11941 5039 7416 83 10248 2721 1702 2556 5666 1721 2244 11074 4519 9543 1854 4838 7819 1960 2558 7235 10629 3963 5674 6691 8396 10114 5062 899 6079 6216 6127 5483 6228 3516 4968 8895 1120 1234 5251 4357 1927 10539 6254 363 3321 9450 3017 11616 7725 10909 11409 3203 2347 11805 7053 1118 10733 3329 8178 9183 3849 6832 7672 8157 2362 4730 1738 3640 5793 1427 10941 5764 336 1502 1859 3069 1764 3810 6009 7075 8947 1947 7009 788 2415 4434 7828 1471 5255 6058 8012 11366 2297 10955 4497 7615 3346 5966 3790 3989 7028 5432 1061 9398 10052 11334 11407 6896 7533 9801 1542 2228 5456 5880 7912 8443 4594 8810 5614 1852 2434 888 1015 1916 11962 1378 10133 11487 4959 6531 6703 8438 10443 1148 4546 7814 4087 8247 10076 10216 10324 2935 7557 4203 757 4725 5075 1360 9692 7763 1337 10967 4577 799 1435 2323 3448 6395 8018 7270 4337 8213 3003 3119 5214 769 10692 5212 8136 4227 5770 8522 9277 4927 5790 3561 11945 5246 284 11348 11403 11448 8120 1975 2838 11484 4869 5252 7648 2253 2619 6210 43 10278 6273 7034 4578 5125 117 10780 5365 5743 7941 858 2534 5487 6051 7681 499 2570 4068 4691 6509 8262 312 10364 1380 2885 5886 10484 3060 4622 6730 1329 7831 9478 10761 3433 11939 7019 7954 441 803 1693 3654 11956 5198 5796 8510 3446 4067 9556 5428 6461 1397 2978 11394 75 3158 6371 2151 11422 8248 6014 205 5378 7889 10613 394 9238 11142 7981 458 7908 5745 9949 2269 11452 5392 461 1454 10772 2822 11983 7972 6762 6821 9447 10275 10380 5707 8091 3240 4376 10355 11774 4825 7647 11669 4824 5364 6355 9155 10071 11041 3275 11565 3473 5398 6017 7217 7934 2284 11287 3995 5636 7004 180 5987 9438 507 5165 2132 11718 7370 9057 10491 8188 953 1270 4192 8118 2178 7376 10432 4409 4627 7381 7668 8074 3217 4744 8966 1925 10972 3904 4220 5260 2525 4852 1874 8511 2212 11610 6952 7806 1 1406 3477 4513 9790 11071 11168 7184 8395 10333 2291 2472 11503 6292 10211 10562 4223 4460 699 2217 3571 92 8842 936 10268 5416 3149 4149 11656 6419 8682 9595 4442 8422 8982 9468 2851 2977 376 737 9003 2484 10135 6580 72 1022 11406 4089 9665 10826 11285 5130 6910 7985 10169 4688 5817 6122 6400 538 4516 7854 2388 2593 10849 11949 6960 10348 4517 6440 6492 7547 7594 8497 4110 732 9697 10301 4152 4574 7479 1010 10696 7021 8766 1913 4607 9871 230 9066 11236 3142 6557 8684 2460 4332 10542 4860 5063 7922 338 4614 1931 11304 7923 3206 3351 4802 10230 10485 4353 5102 5308 1879 10779 11651 11302 3699 7323 1323 10548 9511 11009 8919 11182 6264 6421 6705 7666 6853 1462 1792 7342 7736 1122 9532 1921 7255 1654 7103 7398 4182 260 3949 6344 9195 3367 11553 5403 848 2902 4938 7928 11200 5374 1521 1784 2458 2708 11363 5446 6207 8281 9821 3917 8787 10603 2467 11028 11695 3848 7116 2643 2900 4984 6075 7001 11434 178 2317 2857 11068 3000 5752 6437 1853 10668 10682 9932 2955 8467 8901 9211 5215 5722 7149 536 9089 1520 11536 1552 1836 6116 9473 8543 1391 3138 3370 1608 4536 7636 9040 1199 9984 10755 7848 8229 9683 3219 11582 3944 5914 6562 8617 9354 6765 7756 9997 10860 3828 2421 5066 6530 7012 1575 9839 11510 448 1023 1350 4315 10531 3416 5855 6290 314 9119 1025 1988 8067 9642 10741 7963 10319 11085 2985 7911 8940 4476 7964 10028 10098 4159 5350 7811 822 1871 2314 2846 10520 3540 4016 7424 8110 372 9475 8500 3377 3552 6445 935 4801 8339 10885 6607 6756 4634 7442 8092 10250 5223 10289 6610 6991 9384 10103 7106 133 11075 4253 1457 6469 789 11653 253 1907 10395 10553 10932 3486 5240 2786 11012 5885 628 2187 3876 8090 10487 10893 4954 5385 3016 3350 3562 4034 8199 8767 4889 101 8315 10056 3141 3279 4461 8210 469 10386 11670 3633 4321 10050 2445 10872 4439 7638 3505 5585 9472 5084 10639 3710 5726 9169 5803 6241 167 11249 8309 9958 11812 5537 9969 6524 10815 11354 9486 1544 11325 6180 7321 7444 4256 9353 4907 8177 10372 11701 4273 710 7779 1304 6019 9041 5998 2394 2440 10895 5248 49 2787 7311 908 1095 9591 5929 6324 4054 6059 1587 3052 3246 8346 2142 10970 5444 1274 3242 5592 4676 4698 9269 2711 2752 8599 8611 830 3605 9926 2751 5232 5277 5642 6460 40 11160 2759 8368 3037 4874 7726 1058 3918 7796 11133 3260 4331 4391 7565 7766 774 8868 10154 8914 1452 3062 3841 3030 3547 3639 5989 6167 566 653 2814 3296 4835 4499 7171 7411 11874 7064 815 964 6612 11930 1795 2715 7760 1343 4474 4958 10152 3032 3895 4128 449 6074 7974 11863 8779 1251 1731 4311 4921 1307 10058 11195 6013 6107 3974 1617 1729 3337 4767 10075 2548 3041 11457 8644 5206 7835 4029 3059 3364 5054 7277 8119 8677 9663 10288 11191 5827 6764 9342 9886 3900 4280 5506 9606 1929 3518 2146 4870 6237 6340 6565 5977 9149 3899 6425 6462 6870 337 11337 5612 6728 7693 1545 11918 4647 6883 8185 4734 7250 6206 795 5424 7950 9585 2404 11988 8952 11193 3891 8297 9913 6312 3550 8280 2942 4934 6039 2564 6076 8007 6214 3546 5337 5679 5761 1140 6297 8577 2239 5397 2588 11825 5464 318 3273 4799 6761 11621 4749 5104 7096 3819 5381 5411 2324 599 10908 3277 3449 5789 8278 10504 2653 4106 6639 637 2501 2760 3455 5849 6002 11756 4403 1695 2479 7194 9344 11819 7205 1105 9439 10271 10431 9464 4457 787 1698 2376 2854 11376 8491 1065 556 9707 2754 8514 9840 11141 9306 2871 4179 5058 9767 11667 4464 5020 8999 10283 11213 86 932 3469 3558 3920 365 9739 5932 729 10776 3497 1732 10234 10611 11992 7026 2779 7524 2823 11067 7907 933 2519 11869 5821 8138 10482 10498 2573 10868 11276 5660 438 3528 5192 10186 5916 8693 972 1843 10979 5421 8632 2339 10609 5671 80 9206 10644 4871 8622 8874 3001 4583 4924 7665 540 10181 10836 11467 4993 8257 3117 11791 11853 1974 3278 5194 7124 11934 9411 11495 11592 3584 9765 6007 7932 1381 1761 11461 11577 4887 5154 9374 5375 3501 1562 2122 7752 9431 4646 2446 2555 2896 7651 9487 10787 6434 7134 8515 1168 6194 5167 10624 3846 5899 7555 90 5870 9422 6593 8559 10915 7154 1888 5569 7570 7969 5168 6981 8600 10099 3163 5306 7059 6649 476 9850 2836 6694 25 8821 9259 1169 1191 2164 3230 11961 4359 7198 7472 1708 5736 8130 578 9188 3423 4101 4225 8161 1646 998 1218 9887 11644 4955 5441 7132 11747 5201 6775 8488 8554 1363 3403 1532 2649 11365 4685 7114 8942 9314 10579 7288 2587 4961 5097 5318 7435 10153 2932 3328 5928 10287 11955 4073 4144 4708 6496 1355 9684 2790 2856 3700 3820 6604 10661 8934 1870 11081 11759 6276 6847 7399 229 8623 5243 5907 7480 1198 11679 5046 5229 1710 1412 11932 6726 231 4526 5362 7515 571 3972 8271 9079 1938 2251 3269 3877 10492 10748 10784 6155 528 610 684 9495 2083 8518 9884 10132 10378 3122 11953 6109 8237 4518 6393 1675 6732 8011 8558 3004 6974 11329 8135 10106 4044 6318 8505 4381 9737 5131 151 9235 10242 10477 4884 4998 7226 6144 1704 976 9679 11830 8064 10585 2843 11480 3959 238 3509 6715 7286 3224 3994 7853 10458 2630 7705 3556 5261 6031 6704 240 1749 5959 2201 4091 7738 8804 82 3317 3612 6201 1638 6338 7247 10981 2624 7858 181 1780 11029 8078 1319 2913 11716 68 9645 5739 7746 1652 10608 11543 3659 6634 10426 5725 519 2014 6886 8406 2951 6621 6714 164 1045 1155 1549 1861 2810 3280 7467 390 4242 4660 1132 3732 4003 4012 7477 11951 11998 4123 4898 7836 3177 7844 9394 1416 3166 7215 11244 3832 3336 6057 8583 8366 8792 635 4113 81 1440 3057 11888 5056 6483 9210 9968 3987 4277 4988 5779 7057 1007 11787 4392 8279 9689 4130 7460 9789 2666 10901 2905 3731 4906 8962 2028 3226 3789 7962 9382 10674 3655 4982 6035 8838 10043 8555 2405 3862 6723 2677 11032 9417 2177 2518 2878 7643 2249 8615 10642 10303 10004 6134 4754 5237 6183 8072 10938 5610 7155 785 10742 11002 11265 4232 3388 706 792 2045 5848 8061 8198 1073 10535 4136 5938 875 1004 3112 3348 3934 4539 3133 11709 11831 3024 3968 8802 2611 11031 3861 4320 3614 4971 5530 9097 1424 3081 6885 7799 9255 9895 5166 6978 243 589 2465 4338 6320 546 1259 2340 11936 5988 725 9646 9822 11544 6884 10222 3880 4422 5732 2724 2809 11328 5993 7455 10267 11564 6538 1252 10530 1077 10062 2994 11468 5543 5717 7611 533 562 9027 2438 2692 7418 870 7190 2133 8538 720 11412 11618 5511 7037 7130 10363 6407 8394 10147 7608 111 1296 1332 9779 9799 10079 2003 3147 4390 6330 17 10240 5668 9656 2668 6878 1288 1345 10683 2596 3704 5520 5879 1021 9803 1837 11829 5114 8587 10812 10865 4596 4666 6663 7485 10351 5377 1750 11978 8977 9408 2258 3715 6219 805 1390 7162 7368 7712 303 8738 2138 4945 4974 8597 10582 11496 30 10428 2599 4380 5858 7397 2874 3527 1392 3176 4661 8147 8418 865 5581
6 622
8365 10576 9256 8613 8698 10089 4085 2021 11974 9815 9317 511 1958 8824 1649 6795 7108 3869 5788 3942 3471 408 6738 9025 2504 3538 7815 4211 6516 5502 11741 8121 11489 1635 8284 724 11857 9071 8847 7656 3362 5711 7074 5608 11246 7690 5733 5859 7838 2746 1724 5299 5653 8404 410 9814 3697 2059 1286 5556 1694 7260 1987 4336 9775 8646 7126 8606 8812 11828 11838 4105 6746 11343 5494 2604 4134 6388 5620 6261 7240 661 5882 6888 5768 1736 6332 5132 10138 4635 3882 8203 517 10977 10783 4349 6584 7556 3782 4066 8407 6670 4763 1570 8128 5384 4161 9391 5480 1525 5049 7069 928 5245 119 9005 4032 4248 5270 11895 11353 3758 1226 4886 6659 9988 9910 3939 10765 4780 6946 7219 8492 10814 4235 10115 11379 3893 5303 8791 10690 8990 2366 10511 139 1121 2895 1367 6111 2159 9706 1624 4398 4401 6278 4781 4267 2156 3036 8520 1182 6072 2675 8551 1451 1164 1465 483 6656 3061 7265 10891 11572 10987 15 5572 7168 9141 9311 2637 7338 8495 1371 1835 5910 1181 6679 10445 672 9530 2302 7505 2879 8560 8973 6958 7024 966 10708 6030 3139 2235 10732 7861 11877 1765 1787 2990 10474 2941 1640 4939 2076 8976 3399 6596 11696 6269 3660 8312 3532 6088 9510 10552 2952 8265 6341 6500 7347 6794 10476 8704 3658 11984 5300 6052 9303 2196 4723 211 509 4626 4469 4414 1752 5091 395 10837 11268 646 1042 4186 8479 6706 9268 10993 10399 8988 199 9657 1763 4996 9632 5360 4153 8117 11397 3187 11377 10119 8353 2804 3151 11163 2926 11413 2567 6867 4124 8609 9919 7986 3617 8283 11525 1064 7063 7209 11617 6368 6417 5465 5972 662 9494 9322 8586 6990 9323 2148 2439 166 8529 3421 8082 10606 4174 9064 6922 10087 3548 7845 2099 10329 10514 7318 9558 1087 3967 99 2397 9100 8557 8252 8645 11034 9654 10903 5831 3266 3992 6331 7820 2019 8907 3064 4127 6523 423 2047 1137 4716 8399 7977 850 6211 11356 3588 8540 6825 11438 11852 7727 3186 7971 3463 4259 7512 10677 8498 1178 5435 3784 11619 3408 3635 2612 2780 4718 4586 2753 1872 247 8776 11614 10082 6787 3525 2425 5256 146 3125 3666 3839 1153 9797 332 8454 5964 5564 6150 11748 5003 11560 4140 10117 1956 7616 1119 4502 11332 9582 2648 2542 5462 6257 176 11189 4641 8788 2920 6526 10753 597 10659 9755 6233 8865 7386 5731 10224 11861 3938 11626 988 1281 10946 2968 7671 10805 11766 1914 8342 10467 11689 7313 5783 3785 7111 5258 9334 1172 8255 11098 11092 11094 11205 7936 5153 6384 6802 7367 447 9865 7181 8556 2701 1665 36 7724 1811 9832 1574 5981 10100 4431 11398 7377 74 10453 10648 10830 9044 8016 3593 2683 7895 1399 3515 6903 11937 400 2202 1893 10907 11038 4206 6534 2859 3500 4200 311 6868 4535 7604 10925 129 9890 2841 9419 6854 6021 8948 11847 11114 7627 6433 8287 5481 10533 320 3792 10712 5257 8133 5077 753 2511 11986 6939 7669 10308 9754 3879 5757 1377 6710 2820 3407 910 10969 1512 6826 8793 6959 1263 4443 1312 3970 2818 7521 3514 6092 791 9207 224 7664 2163 2582 7633 7552 6748 1068 9610 3130 51 1475 1481 8602 2437 8774 942 2554 5603 1899 8345 1755 5319 11291 7410 2111 11251 5333 11685 10572 8592 10700 9845 9983 8890 4511 1376 4639 7810 8918 3055 8428 10581 1053 3753 2170 5706 4394 5191 3213 1510 636 9700 2996 5857 5723 2993 5611 624 1108 11159 5554 4183 8289 5476 8459 7747 2960 7613 11372 7561 4791 11485 11008 5076 11654 8180
26 1429
8442 884 2203 9348 4573 3973 4109 58 8700 570 8437 4902 5353 1448 10630 5414 6514 1425 8580 8959 9032 8434 9397 5667 939 4133 8723 11386 10209 10744 11051 4648 6642 10279 10165 1985 3875 4365 4742 2840 1797 2910 8889 9318 1571 7918 9420 9376 10590 2572 8424 1152 2290 2389 6409 7358 325 658 9441 6077 3080 4842 6143 2049 4894 1531 3835 4002 9096 2436 2497 2526 3757 6568 886 3761 7559 1352 11203 8447 11647 5644 526 2689 8410 9986 4848 9075 10583 4914 8525 11479 4674 10598 9897 8676 11309 8902 11060 11848 4980 10685 6751 2368 1206 11519 7587 7687 308 8773 11178 8291 9905 3124 10411 5422 1280 7428 7635 5004 8014 1195 162 9248 9516 8308 4936 6415 559 11681 1194 9934 4301 9673 3746 168 3099 3668 10121 890 9751 5591 7020 300 4925 321 11449 9535 1485 9989 2515 6283 3092 3483 9273 478 804 11997 4026 5264 9350 1247 3453 11880 8995 1220 9762 1604 2304 4413 8387 9825 9016 11682 9520 7885 894 2353 5518 11729 5714 6396 702 9174 9868 1995 8811 4905 9491 1450 2815 4117 7490 692 5784 6392 6614 8026 7851 5332 7527 7199 9022 1092 7818 5344 8856 440 8861 9956 10260 10806 9525 3131 7256 2248 6274 10801 5460 5740 7224 7016 748 9116 6637 35 10928 958 8201 9134 1497 3357 3837 8382 3742 8972 8794 7800 2364 3975 8184 307 2220 5878 11894 5548 6028 682 9201 1311 1666 2050 2591 10912 11435 4570 8426 11382 2488 4147 3387 5847 3157 4137 4297 11450 5958 472 11583 3620 3842 2602 11260 11954 5442 7607 667 1981 2594 5012 8311 7169 11283 5274 5454 5470 6673 10859 6933 1509 6303 342 362 1268 4090 6479 6345 4712 9355 3648 4143 8563 6450 784 11297 3688 2441 11908 6828 369 2635 7056 479 10261 9099 9331 9971 1862 2506 11145 5753 10126 5336 9734 1800 8843 10026 7504 9325 4819 7575 10917 4482 2569 707 9702 5750 8397 9264 5645 301 5691 5805 8131 1066 1184 4724 1486 3741 1208 4912 8762 10809 5557 3286 5254 548 4967 10063 8372 1083 9829 3201 1197 10551 1436 7302 3424 3890 6839 9377 4000 42 11542 4175 1418 7361 2531 10889 3905 747 2141 2613 3442 541 616 9073 1128 2380 4148 10312 2516 11174 3284 3993 5697 8974 1031 3072 2176 10446 11772 1762 2557 689 1584 2223 10965 4477 11531 1096 9891 11760 6300 370 8749 10475 7630 1658 2975 3856 8219 11048 3417 5895 11428 5094 505 1593 11520 11161 2334 3954 9123 1971 11330 6169 6251 7624 10828 8306 11140 4839 1746 2634 6871 8992 11516 7601 10512 11775 4212 10011 4006 7454 10102 8669 675 5486 6727 608 10113 3580 5025 5417 5231 9107 2391 5615 613 9122 946 10468 11524 4416 2407 315 4693 525 8883 4299 7007 11690 7737 9261 3022 6882 7497 2532 11399 5875 8455 10714 2959 2476 10156 6275 9242 2009 8545 2234 10673 11795 7511 9253 4506 3111 3441 6708 7917 2418 3400 10229 2349 6158 8002 4604 6797 2685 7551 4126 7390 836 11742 7283 26 6572 7337 4805 6045 1331 11753 7050 824 7278 3173 7471 5242 6640 9034 1059 2898 6138 6657 7662 1682 8815 1161 6475 8721 11807 5687 488 9509 11975 3859 7951 806 1177 7535 5631 6230 7306 3314 5008 970 9267 9421 2940 8323 8636 10722 10266 2999 8176 216 8534 7545 5501 592 10717 2696 1123 4649 11658 11405 4426 9504 9778 2053 3192 2074 5439 6856 106 3830 8277 9866 537 11471 10671 8301 10336 11039 10179 4473 6809 1294 4603 7092 7443 8192 8984 8831 8085 8612 5889 11466 6662 1539 7175 7433 11080 8680 2054 3235 5498 2853 1180 9722 5664 6792 3347 4602 9526 6027 5755 9724 3105 7605 1019 9232 10758 876 9283 1375 2363 11439 5549 259 8145 3349 3769 5291 8867 10853 1114 7308 701 11315 6781 8764 11832 5561 7813 892 6121 6372 10890 3113 11767 4455 4658 5926 195 1373 6749 8732 5089 5686 326 10390 11437 9423 10721 11928 8593 459 8870 2090 5786 6611 9329 2318 2703 5196 8581 2597 7892 9963 2149 3440 6485 2274 2560 1833 10898 10488 3912 4561 6137 8798 3027 3476 4877 8069 8499 1034 3462 5801 7980 6354 6171 6697 8925 1244 10360 11211 4367 1480 5447 6735 5458 6223 4808 9733 4195 5369 10975 11391 8913 9661 354 2670 3878 9135 4228 7193 11552 5455 7045 7086 7566 7784 4571 5440 3134 5059 450 7542 7223 10879 9291 5301 6302 8663 9168 9185 9882 7968 3291 10494 2714 1596 11802 2988 6719 9165 6131 5158 6364 5683 7657 11061 8232 683 9875 10264 4746 11400 860 11112 2058 11149 3447 4683 7887 11338 7449 9946 11445 6430 7623 516 1470 10584 11613 1309 4355 10159 8259 8805 1809 2720 1664 2298 4919 6625 96 11093 197 719 10719 77 11563 3428 1201 1742 8425 1235 11347 4879 8800 7718 558 2835 10228 5719 786 8098 5851 5785 1293 3487 11326 5307 7473 8905 9667 5188 6567 6850 3696 708 6270 7915 8506 2208 3075 8836 9669 9911 8380 8507 1160 1689 10735 11771 6162 6305 10080 121 981 9180 1771 3951 41 6934 8369 9360 5427 2722 207 10053 2502 6142 10246 11559 5794 7679 8296 7538 8003 8430 1408 5747 222 10338 2375 11202 8054 6073 11284 10231 10365 391 863 10877 11266 6193 7881 11099 6222 7372 7874 11746 7426 2731 3042 2529 11070 4388 1236 7208 9301 9458 11589 4990 5136 9567 11967 6154 6931 5598 8911 9395 1547 4372 8481 8737 6560 11420 3250 5826 590 1055 2252 10593 3582 10558 7319 950 9647 3630 4909 5576 7481 306 9467 3783 6814 7956 8286 8029 324 10655 3307 11708 5331 6574 4873 5371 5808 6671 1385 5534 745 7506 4522 4686 5045 110 1754 1816 10782 2980 9437 6783 7488 3233 5098 5540 8494 7507 2237 10622 125 518 3586 8705 11594 9601 1735 7081 7632 6374 6464 309 5639 11574 3941 1143 11602 893 2483 4070 11021 8086 11596 4816 8200 681 8204 8893 9385 6220 8891 5781 7415 5170 5370 896 6215 9562 11684 7336 2386 4731 31 9498 4922 5006 5363 8378 10420 5538 6170 5372 1461 11911 5280 7897 4568 8218 1725 5207 6091 5646 8048 1745 2011 2650 10856 9695 9959 6069 7419 9131 5120 5519 7469 7147 234 2373 3422 7574 793 5545 6166 6857 7786 10509 10547 5701 8173 1203 11455 7691 8801 189 10950 8968 2017 11511 8084 5749 11212 10878 1773 11726 4293 6813 2482 3281 4397 861 11393 9716 11157 4472 825 1877 10253 10327 2104 984 9184 5412 6734 11551 7626 11013 4940 7251 11624 8591 3892 6845 9742 3680 4017 7841 643 10295 11331 6470 7127 10110 2197 10536 5704 5984 7254 1158 1866 3312 5778 9954 7113 9620 5675 7864 1472 1799 10393 5408 8245 6291 8537 5672 374 9788 3331 7827 9144 1282 9837 5404 5845 6380 11736 960 1818 2117 4180 5787 6767 8222 4004 382 2571 6772 7042 7777 5338 3302 11571 10300 7349 10756 348 6476 9581 11508 6511 5799 8448 1200 1278 7803 1778 4115 10311 1719 7427 11436 4373 4829 10194 11972 883 10976 8182 11011 1534 7264 2921 343 8688 9594 11625 4322 7243 3338 2423 5278 7434 4193 4270 6736 8624 9440 6554 7953 663 741 9617 4327 6038 7409 7769 3627 6226 9047 4655 6294 7406 11706 7899 5079 5272 9590 5173 7207 8111 2565 11532 6260 367 1162 10982 4292 1185 1896 11801 10015 10786 8123 9451 1697 10373 11513 7118 7232 8711 765 11194 6693 8305 2687 3460 6414 6449 6623 10921 7849 4567 4807 7537 78 9957 10523 2860 4504 7701 2078 2312 5709 9616 1495 11916 8104 8661 8960 9246 1614 4821 7014 397 9479 10462 10821 4633 262 10540 2399 9339 5748 7891 10519 1753 3750 9399 11499 7293 6361 2165 3610 5718 8790 1051 5521 6163 9383 10769 6720 9192 11715 1796 10736 6546 9196 3363 6924 4774 2222 6145 6153 2725 10971 3218 10104 2802 11593 9476 1505 3183 1430 5868 5340 10297 3910 7970 4782 8266 10285 7637 11215 10048 11492 6018 6465 2549 3369 11965 2615 1703 4653 1563 6003 7670 550 3751 7305 9746 10174 11035 3405 4287 7431 669 2107 10669 10352 6316 907 9252 11633 4112 7041 4333 329 614 8857 3161 5099 1826 10802 5286 6343 670 9357 11101 6600 1384 6563 7332 7843 10902 777 11109 7144 569 4036 5016 1967 7065 9223 4412
23 998
11834 1829 4097 874 1739 1413 9121 7094 1369 5351 10199 3490 11362 11639 8897 2320 6550 4631 10810 3824 2574 5386 4231 10483 7750 7212 212 3730 8673 6998 3932 8334 442 999 8113 2986 11233 7641 11794 9898 6398 2631 4892 9199 545 1188 3641 1984 4429 5031 127 11645 434 10157 4501 3595 9171 2384 7548 4696 11498 93 10366 655 11396 1276 1586 6861 2945 3220 9944 6265 4313 10127 8473 3118 3725 6601 5322 3521 4908 9846 5766 11994 5450 11320 4135 4033 8168 6489 6128 10415 9705 9873 3948 4158 2937 5825 182 7143 1071 165 1138 4687 9272 2435 7401 5452 11022 3018 4833 6298 6391 7310 2276 8116 6678 2628 10244 7438 4903 9159 7392 1894 6106 10745 7462 11904 4790 5995 10304 10499 9326 1620 11303 3205 7325 9102 9605 2757 11201 9961 10759 11359 10698 4440 987 7514 9650 2496 7532 8496 9855 1849 3947 9469 280 3164 9488 7979 9483 7576 1554 1794 582 8234 10777 2681 6852 2768 9781 7606 3686 639 1298 10310 5041 856 5330 6181 534 5467 6351 1783 2676 553 11079 3228 7402 11557 11607 973 1326 9851 9869 7735 8873 11106 6459 3063 2206 755 1982 2332 11475 5627 11917 3180 4467 7142 2957 5085 3702 5941 8478 2385 9787 389 1625 5797 8818 7704 9974 4060 141 4823 5282 418 6537 5754 4001 11052 615 5087 2273 4818 10662 11595 3736 4171 5325 3865 9178 4605 5060 5807 2912 1193 9883 11964 8946 9888 1774 7832 9218 6902 11515 5954 5453 11851 1398 5393 9713 10867 576 4830 6225 3923 11355 8701 5400 4956 3297 6175 8270 7136 4190 2358 7884 2403 587 4129 5036 10495 8634 9628 5891 10752 11299 11357 11390 11108 5461 6104 10243 11383 5996 3267 5647 2127 8722 4637 6872 2799 4721 2365 8994 7006 2929 9907 11097 864 8127 11912 4557 10807 5355 11388 8129 4007 4966 11207 6198 9640 345 1230 3209 2466 11306 6083 9930 10595 8038 1936 3743 3002 3545 3569 1349 9672 7236 11368 5285 131 4358 6920 5760 5810 9170 8341 9633 3953 6923 11374 8718 8943 11279 7729 6561 9442 8567 6774 9069 5594 11282 9533 6132 10439 3749 8803 1884 6843 10020 4722 7279 2062 10256 5930 4254 657 5426 1543 10591 6834 2837 9320 11833 4120 10549 6833 11982 4238 1126 5253 4547 4668 4989 1372 9780 10691 2923 9161 6522 7995 3632 6240 1409 7334 2533 2769 1008 254 7137 5147 6681 373 6011 5619 4083 128 4667 4187 5632 11660 7751 4350 6582 10367 8475 11500 4198 5275 5678 5971 2880 10255 8664 9154 1063 5539 10911 5376 10371 6436 8929 5057 10210 3310 9307 3574 8777 2991 10078 6686 3414 9922 4213 5622 6147 11183 9987 3194 9221 257 10770 995 10952 7304 11017 11293 2236 7097 9763 10992 7371 8441 2730 7821 7987 4237 5558 5681 137 4645 10575 1696 9006 5383 8228 455 11615 4741 8195 7380 3325 431 2928 5315 3101 7425 134 203 2693 6631 4769 5516 4025 45 491 2112 10616 9990 3221 3341 3015 1411 28 6386 8627 9410 2500 1951 6753 6778 9549 9496 1353 6126 8403 2392 7125 7886 726 1590 11076 7079 1154 9541 10537 3756 7333 1838 6046 9189 5190 2371 2656 9771 8928 4809 8986 10851 9101 11548 9904 152 8590 3955 4864 9879 2175 8639 10298 1421 11789 9449 3005 5239 5018 3174 6124 801 10704 11699 10799 1102 9952 1463 5688 9456 1316 2125 10945 11062 3709 10356 3199 7412 56 6702 8106 328 7499 3211 6441 6653 8415 11697 5721 1669 1374 7753 8814 2690 5072 62 6412 3382 11371 10568 2520 8100 6236 11643 11977 3624 8523 11482 1901 5083 7584 11803 9120 10457 9076 11641 2883 11250 1354 9335 9568 6199 2255 8707 5898 8413 2845 10470 5478 934 9749 8884 5578 3681 5341 11968 6632 1422 5312 8619 7955 2600 1895 4040 11459 4196 4411 10379 4701 9738 4794 2412 1920 7790 7089 7202 9033 2644 1190 1622 2061 140 11126 412 7273 187 2266 4451 10687 3100 3817 8521 4566 6070 2307 10057 9546 5491 277 10666 8420 8945 11710 11763 2226 5247 4059 1613 2119 3013 316 10675 8880 1524 1175 3733 5983 174 248 8036 10676 1028 2430 1650 6680 629 10506 4765 10150 1170 11919 2124 7791 11228 10543 1017 4139 9251 11339 9063 5559 4197 6799 11970 7822 717 2606 4576 5163 1513 1297 9407 11788 4341 11915 11139 10824 8872 9554 8892 5602 9330 11849 5894 4309 4832 9017 4514 2620 8846 11307 7220 10854 4450 2922 8327 2943 4771 9245 6295 2300 249 7054 5802 11042 8888 9038 8757 1668 1781 7733 11702 4078 10620 7109 8126 8386 3396 9731 5640 10176 4618 60 4456 5459 2451 7530 8282 7994 6173 7070 8183 9418 11360 8307 8224 6234 5529 7677 2169 5162 2861 5738 6553 9372 2852 7267 5354 10205 2459 917 9544 4916 317 4656 8288 5288 6921 6218 11221 8040 10262 10545 9858 5956 4481 4383 8853 4709 2772 4204 4343 7002 7563 9091 7115 1186 10940 872 3253 5759 11155 1320 8235 2310 2200 4636 11913 6008 7153 5767 3724 2629 8916 9436 2140 302 698 8920 1047 9641 7404 3776 678 10263 8388 1303 7451 4339 10557 819 2876 1986 2442 10203 4303 6724 10342 3664 5367 977 7133 2319 10788 5133 10649 8170 9 7084 3249 3602 6980 8727 1271 5973 11458 9901 7883 2623 10942 5527 11680 11606 10455 7645 782 1335 7720 10702 9078 3237 163 10839 2521 5628 57 2457 11059 921 3579 2449 4643 4831 654 10034 6289 6889 7100 6877 2357 3519 3202 5026 3103 1173 9445 9241 1535 4917 1722 583 7166 3402 7513 4289 8714 4846 11323 9429 7992 9244 11464 1727 3809 2241 10716 7300 19 5584 11169 4363 7145 3195 5095 11336 10501 4420 5515 10636 591 2660 722 4953 9379 54 8782 7375 4370 6717 9150 4815 10171 4030 2160 4624 8194 2884 5685
14 646
4047 8463 2813 5373 8694 9626 2870 11902 11785 2674 11599 7379 3159 11844 11724 20 3803 2450 7609 10370 4697 3636 11124 11143 9136 3539 4308 10196 7655 11622 3818 9130 5641 1205 8163 11055 4694 924 4340 8324 3386 9484 9542 6420 8603 1211 6696 11652 2036 9024 6932 1540 1700 10233 2805 9124 10299 2541 4804 7437 498 1100 11779 9630 7913 5937 4208 11881 6945 8789 4405 8512 11176 9964 7775 10869 6590 2114 1555 2794 5710 8822 2325 5469 11845 1699 10896 1133 4923 2984 9052 8249 11512 9587 10158 9019 6339 8860 11632 3083 7807 1827 10128 7798 11573 3502 2788 2625 11025 4787 6484 3662 4977 112 334 7684 8099 2056 10409 8584 644 2024 9914 3472 11444 6687 11720 1667 10421 3958 2001 2872 2605 4417 8544 226 10155 6668 10232 9985 8906 8031 4704 11269 10792 11119 2172 4251 10905 3257 2413 1597 6967 11090 11842 6056 8630 9991 6650 4738 7661 1225 4593 828 7266 2798 5815 1067 8207 7967 11798 1433 794 3048 3318 9874 9217 292 9519 574 4705 1336 1969 2126 7732 8869 6187 773 3542 7161 9250 3544 8025 9736 1467 1498 9979 6942 11555 8392 2672 6951 6197 6238 9550 9693 405 8998 8215 6517 3308 8542 4185 237 8256 10808 4269 8217 6859 11929 6880 10241 9548 7314 8209 11273 2067 11550 1759 9454 5068 220 10282 7182 11414 9972 4786 9636 11300 1898 7759 5776 1892 5472 4675 5141 9715 10701 3777 7382 11743 4500 1670 6362 4975 10145 3915 8955 7610 6249 9279 1112 5391 4901 3672 10785 4302 9849 183 8956 9805 5226 8671 2781 11580 388 5040 9945 9867 8379 5946 3320 11289 10069 10852 8547 2033 4632 761 1242 2997 1049 9876 6378 7447 2455 3615 2791 1330 3671 9125 7076 8894 4843 9236 9721 10185 9403 4234 10105 3234 460 9282 9827 10029 9635 5210 1456 9725 7210 6543 11750 5944 5222 3766 2344 10374 11167 1599 11664 818 5924 5892 8717 2949 5293 4205 1823 10294 11723 3254 10353 4710 11704 10513 357 552 8274 5402 6454 709 6855 5323 10750 10059 4868 6815 2763 697 4069 2065 6636 6256 10313 4931 7018 7297 319 7502 3047 10144 8589 2374 2855 10936 1009 7331 10918 847 1479 4994 1346 76 2305 9770 7290 6672 6599 5890 4861 7905 2707 3982 8598 4396 7339 11752 10305 7158 11562 7926 2655 2641 3327 11659 3549 11367 8000 4679 6956 11876 3774 5043 4682 8484 10679 834 9834 10521 7163 855 3555 3355 6097 2657 3621 10392 11427 7896 10517 6048 6307 4027 46 11734 4692 9811 11935 7430 2906 5127 9485 11927 4651 4715 11305 10195 378 5589 2740 1213 8405 9284 9752 9740 930 8440 7436 9186 4279 5724 3096 8486 11069 9000 11950 11185 5990 29 8772 11860 8351 6406 7087 914 5621 7350 4532 676 8032 7291 7973 2268 10647 3926 5935 4970 11199 7906 1038 11053 7834 9611 8480 4452 4872 11333 2492 6916 5708 7420 10438 10935 4046 2360 3025 1483 674 3274 11818 10505 4495 802 1848 11539 7581 79 5126 989 5600 11944 2704 10217 6381 7139 8765 8570 983 9793 4588 4992 9400 7692 626 4748 5101 10480 6333 839 3068 3591 4753 2917 2806 7292 8784 2712 11502 1455 6806 3606 10074 50 9977 827 9213 9470 9980 10162 8932 353 9810 3694 9643 11153 1595 4156 10101 8656 5948 11100 9786 7898 9872 5029 11104 7748 1905 10343 857 11442 10055 3019 8314 9286 5343 11001 9055 11601 4812 1518 10816 5157 5390 11873 8786 6453 4783 5863 6146 9561 7728 214 4354 11083 258 2424 9139 11217 7439 10 255 10845 9818 6115 5032 5590 6061 9366 1387 1840 8389 9902 8383 11298 5947 2422 8236 1537 4121 4910 10014 1301 10589 4503 11049 9461 11859 10218 10527 4580 3245 7852 10038 425 6851
