5
0 764
2335 641 3057 1239 2000 3264 2776 3401 3444 3230 827 1565 2206 808 1671 2505 587 3304 1594 359 3369 425 318 2622 692 731 1621 23 407 3437 574 434 3411 2224 2311 2350 1463 208 619 503 2737 260 276 3782 358 2742 3604 1226 1376 3679 169 1246 1344 2240 2587 812 60 1290 3434 3269 2197 3172 81 2208 2689 2150 524 1955 2669 40 3018 3132 3310 1608 3141 936 2151 1030 1165 1685 2921 1680 1745 2979 2973 1024 1365 809 3686 398 726 1944 1822 911 1294 1937 876 2931 1676 67 789 3283 965 1236 1369 3794 2155 2263 2530 3487 70 1645 3454 2665 1295 2015 625 3493 1547 3680 2886 2916 3448 2854 2980 1695 2046 1179 2196 184 3016 3059 3308 3268 2485 3928 160 1150 3959 1055 1454 302 517 3392 1561 3923 2377 2456 2666 826 362 3737 678 831 1840 1693 2223 3688 2111 1976 1174 295 2498 3746 1088 3730 3912 3006 2480 841 3435 763 3212 2387 1432 3739 3890 61 130 1014 244 3699 2337 3070 203 684 1593 3691 2831 643 822 1407 961 1305 1629 1807 1579 2583 3744 3932 525 280 179 3567 1644 2228 2392 3486 1599 1195 3528 3542 3372 1378 1430 1980 2482 1536 1015 536 630 2118 762 1768 1921 3027 3386 3985 37 2334 1995 1498 3808 563 3071 3314 2970 48 2343 366 428 3033 3425 3557 773 1276 2805 3764 3436 163 3183 2122 2961 1772 3479 2488 1420 1596 1993 1293 3570 499 782 2891 3664 2370 1859 2479 3711 3206 1171 3547 1360 3972 3284 3575 1523 2829 1573 3203 3322 1531 554 1044 723 3370 2892 2332 2932 1618 2635 328 3530 1894 901 2593 1170 1723 1821 3042 2037 990 3841 3028 1003 1861 3986 853 879 3672 571 3473 2019 2209 2428 3728 1703 1054 588 2502 1324 2602 1357 785 2484 323 32 618 2872 871 337 2849 2578 777 1051 1650 582 3275 3457 3342 1896 781 2328 1322 627 2267 1988 2165 2180 267 3501 1155 438 3237 2272 2032 63 1123 57 3452 3290 2661 1675 2573 642 1927 384 1854 2145 3545 2793 3003 2318 933 3781 2522 845 3217 818 3864 2862 171 2533 3133 1186 1328 1537 1665 913 3662 3407 1095 2810 2147 2545 145 633 3351 443 1010 1125 1382 1885 1078 1277 2234 2374 1021 1451 232 2503 980 1570 2495 1362 3191 2540 767 1082 3345 3556 3832 1079 2033 2547 150 187 3136 3196 1584 3645 2532 547 644 3850 19 673 2163 2513 732 356 974 2883 2910 2606 3272 2496 1299 682 2903 1659 2079 319 1747 898 268 2562 6 814 3862 2411 568 1701 902 1787 2730 3700 3961 2162 1975 3349 3498 177 1500 1978 2397 1356 585 162 1387 1166 1692 3024 3563 550 3227 3814 3379 2339 2560 1384 404 651 1900 2325 2172 2254 1250 3989 2077 779 1606 3433 3350 2647 3044 1025 2057 2823 564 2371 84 8 75 1730 592 1893 3355 2997 1639 2790 987 2199 2878 516 3637 1647 3760 420 1507 3266 2643 2972 1291 2902 1045 2859 50 3851 334 1036 3621 3659 2189 760 1059 3459 2415 2245 2509 598 1081 1653 655 1372 1227 2338 728 331 771 3135 1306 1540 275 2103 1548 3624 1758 2843 1502 2678 1329 1786 2913 2915 3935 3380 181 3367 269 1562 1065 3810 2420 3258 1878 1074 3123 3480 2594 1399 3101 3058 2751 3804 2060 2735 963 3722 3181 2631 3960 1193 2137 1591 3908 2393 569 2448 2524 2753 3963 2012 2159 920 1317 2616 2406 97 3492 1604 3856 504 2700 935 2181 716 813 3010 3032 2739 3404 2119 2814 1482 3917 3692 29 2875 1271 2158 944 3650 2153 3100 710 1184 1613 1461 2244 2551 1780 2129 658 185 2494 2100 1243 1699 3251 2759 1423 3943 123 2561 3090 2038 703 114 1736 3152 2839 884 815 615 1535 2538 930 2799 2134 2909 2212 1337 1714 908 3695 2677 2703 22 262 3666 465 392 616 1586 66 131 2143 495 969 1238 1348 167 3054 240 2315 2359 2624 1002 3805 2148 78 257 549 2940 820 1350 3674 1876 219 3927 47 2832 3894 1417 711 2630 3130 3299 2285 1413 3587 2281 3279 2075 2777 734 3066 1302 271 966 2584 154 1173 1425 1725 2727 2951 1572 65 2906 1506 2014 3546 112 1097 2946 3078 1831 603 1062 2481 2327 3769
6 969
1496 1739 2462 2511 1057 3296 414 2487 2597 988 3822 1162 1217 3496 2964 1130 3817 210 2170 1258 46 279 717 3549 3906 252 339 3667 3718 1617 473 2418 3591 2185 626 2627 2991 1863 2798 2879 1409 1438 406 2679 1767 3940 198 3009 1550 2412 1063 3874 1574 1185 3704 2061 1871 1972 1493 2083 1000 2042 2157 2919 178 3339 2431 3023 3375 1889 2887 1580 584 1028 3889 1508 2755 2257 448 3578 904 3439 1835 832 1169 3780 2423 1968 98 2838 657 3443 347 860 3052 3801 419 949 1418 3992 327 1468 1319 1898 695 1962 1273 2490 1744 2210 365 3247 1289 415 3608 3684 2809 2501 3030 3484 1915 1934 113 1152 3234 1147 2439 514 3566 937 3846 1825 2797 314 719 3663 3726 3843 750 1272 2714 307 3544 1970 1984 2706 3792 2399 2070 471 2657 1223 1303 478 528 724 1009 2654 3179 3951 59 1862 2685 2260 3126 1986 915 2239 2781 600 840 1315 811 2821 2265 3288 1525 2026 3106 408 3774 1136 2382 1529 3881 697 753 3077 593 640 1205 1848 396 2499 650 954 1802 450 556 837 1724 2156 104 3371 1354 1846 2978 1775 333 1834 1827 3107 1600 3712 2728 3348 2044 2067 226 1220 2001 2305 3428 2330 2726 857 2191 209 918 836 2426 3417 429 3729 2552 2556 1666 109 3979 2048 1109 1191 704 982 2987 3017 3119 3138 2720 2734 1488 2715 2867 287 1233 1979 2581 921 3278 3303 1989 631 2608 2675 3627 2237 3569 1799 1086 1106 790 1672 756 3622 137 3037 3176 3503 2104 422 16 1740 2707 2413 1783 3918 2229 2863 3875 1240 3219 2402 687 1833 3 994 1093 2107 659 477 2784 3938 3464 3426 3719 71 168 1664 401 1158 1589 2416 472 2992 1697 3868 3998 3186 1375 3632 2868 946 917 3195 1823 2233 2356 2856 1476 1996 218 1200 2762 1225 2881 310 3947 2375 1636 2571 1466 3458 3848 2732 265 3294 91 3317 1363 3611 1075 996 3114 3725 136 1331 1677 2985 1568 1751 1778 2471 2817 1892 3654 2613 445 1145 3262 3422 2455 2139 829 775 1052 1638 3968 94 624 2818 3409 1946 3698 1396 3465 1742 1224 138 1514 1107 1318 1351 146 2354 2847 851 1066 2154 364 3562 1177 2658 2193 2928 1241 2167 216 3430 670 2984 2362 3192 2404 1414 1582 3175 82 1611 2472 345 3903 204 43 2743 747 1766 3485 1446 1555 1857 2373 1965 3118 3876 2127 1528 352 412 3015 3708 973 1487 494 3261 759 2213 2422 2861 1518 2255 2541 467 3836 3526 1612 3930 235 2476 2384 2783 3513 3586 3715 793 3073 512 330 2326 2596 2788 2292 1649 1851 2168 698 2746 241 2786 1628 540 665 3408 2855 852 368 3415 2316 2094 1866 93 1546 357 1779 1419 348 2869 3254 2467 745 3149 3287 370 591 2692 1366 69 2351 1029 3256 2251 2988 3717 1913 3967 1874 2092 3300 3741 3706 2109 2804 578 3197 1577 2696 3331 297 701 1105 1805 42 2434 3104 3281 151 15 3046 3240 1411 2851 3368 3402 1626 3226 1973 2435 875 2926 274 360 1838 848 1661 1140 580 1071 1098 3796 418 453 351 2971 2954 3689 3988 73 2369 3221 742 1474 1635 1847 3713 2544 1058 3171 1228 2 874 1381 3494 17 213 1281 1300 3996 925 833 3354 715 1039 1654 3893 3997 501 3619 80 718 899 2322 736 1167 1890 224 1442 1512 2553 2952 1499 3763 3398 1292 1987 2725 964 3316 2091 456 1592 3825 2035 552 2922 2269 2935 1304 1198 2816 2331 816 3298 1711 466 810 2388 2600 2998 3879 1553 1099 2699 2965 1265 2473 3085 397 557 3558 3533 1826 3834 696 1689 3478 3319 1484 3798 1631 2059 1519 1939 291 685 1630 1041 2004 878 1627 227 1201 498 200 2469 511 991 3878 1146 3614 1669 3673 3034 1370 1960 1943 463 194 214 3552 2247 2278 3384 391 3043 2010 2733 882 3635 1983 2724 2905 1886 3048 2203 3914 2900 3451 1620 199 2294 2585 2438 3571 447 239 2738 1001 1648 3318 3336 3802 2007 1361 1785 3958 3134 3146 1489 1887 1999 2074 634 3721 1754 1374 2848 1275 481 3062 2566 2443 380 3826 1061 1509 2523 1929 148 273 2934 957 3432 3823 1034 3208 1229 2064 2307 3941 2085 975 1027 3210 597 3324 924 485 3222 3683 3045 3535 2099 3323 1346 479 1495 1909 1640 3337 1448 2492 2695 3655 3944 2813 3631 3112 1284 1244 3418 1806 2846 101 1252 2252 1643 3147 3241 20 2917 2981 3785 2536 2576 801 1332 3447 3999 3243 3952 3471 2542 928 1018 3915 842 3946 3060 3378 68 912 449 3579 2660 1008 534 3189 2025 2937 3397 971 3463 2204 1020 159 1942 3061 1449 3582 955 1247 1392 1204 116 3509 2780 2713 804 2825 2837 45 2676 2697 761 2908 3677 349 586 2953 530 3529 1793 2791 1554 195 567 1084 1722 2974 2870 2930 2955 932 3971 3886 1389 1397 3812 3238 2579 266 3883 1605 2421 3531 1245 26 2177 1869 2047 2314 2811 2841 3117 1543 2009 2779 1073 2407 332 2450 3745 1090 1259 2767 660 1707 1416 1837 1602 496 923 3734 255 3442 865 2461 754 2615 1708 565 2889 3403 1820 2184 555 1656 3055 313 1749 654 521 2611 2768 1343 474 948 1522 1852 3199 2202 436 1530 3909 2962 3453 3829 3532 3652 2723 950 1641 2430 1712 3343 2187 2996 377 437 1269 378 1853 3877 2120 1033 794 1163 519 674 1406
9 613
821 296 1104 2774 676 1261 2192 2967 502 3732 702 1390 1930 243 3795 3610 192 652 2911 2132 212 2929 1470 1433 3568 432 3260 1452 1394 1731 1426 1625 3007 1067 460 559 2662 3148 2238 1698 2670 1070 2833 3082 1798 1549 3193 3381 2460 2115 610 3012 1393 3911 3640 3852 1124 605 1721 1443 3508 1422 1717 681 2105 607 3242 1342 2880 3131 2006 1774 107 1218 3470 623 3335 1534 3990 683 3360 3625 234 1967 3472 992 3560 306 3202 3469 3646 180 3524 2586 2589 421 1364 880 1237 3756 3964 3733 3276 3724 3231 2968 967 1583 2489 1716 2188 846 2053 1113 3390 2989 3312 1358 2914 3218 3888 221 1385 663 2912 3352 3440 85 3617 3291 2274 738 12 2785 2853 2736 3847 997 2944 2963 1950 2771 537 737 298 2642 115 2066 755 1112 2975 3495 1928 1951 3358 1652 2020 2933 2138 1441 1538 2959 803 2858 3389 3142 3067 1864 490 2731 2041 14 2142 2123 843 2215 1022 931 3527 1829 1129 1435 1142 2598 2976 1760 1755 2711 1556 656 3697 2625 929 1278 2757 1312 2378 2770 2525 2794 2938 3074 132 527 2718 1590 2628 3080 3333 1748 3921 1049 1658 2270 242 3361 2497 1373 2095 2045 3559 1687 2320 2895 3827 583 3412 3788 250 1679 573 1126 3225 1704 2414 877 1904 233 3633 3747 1814 3474 3623 3638 922 870 799 1453 3791 2002 3551 602 1810 1924 385 2056 3154 2558 1952 2463 958 819 3842 3049 462 2221 1424 2087 546 1340 196 824 535 3393 2298 1005 1100 905 3904 164 1595 2333 1118 825 2190 953 1180 2844 1267 3612 3376 3169 2429 2459 2515 3934 3047 256 3109 1670 2088 2040 3482 10 124 2749 2357 579 3925 3649 1870 2279 1614 1283 667 2277 2507 1477 3976 166 1642 2069 3978 3754 342 3096 3461 3143 1895 1196 3771 3694 183 394 427 2131 989 3205 202 1884 1888 2171 522 1581 1865 1872 2747 2219 461 2030 2683 2409 2923 1120 3942 3286 3265 1335 3926 1402 919 3248 1668 2857 788 1655 3743 1260 1881 72 2893 993 3185 2217 806 3233 430 1576 3966 386 1472 2477 3357 1087 2612 887 11 3982 2227 3813 1297 2052 2822 1321 1673 3115 105 2380 431 1254 2842 3002 1588 3828 1316 3866 1309 2531 545 2871 1473 2164 3900 2259 1710 916 2324 2687 2444 2920 3759 3180 293 1815 2300 2633 3853 1933 999 838 1168 2884 1139 4 1897 3502 740 744 3292 942 649 2358 792 3306 3031 1858 2072 2636 371 1206 1681 2601 2169 1091 1007 1682 217 1160 3346 1727 3955 3088 3173 3515 2166 758 1286 3516 1925 3125 1210 312 1208 3301 248 1053 1268 1684 1148 457 2464 480 1050 3920 3775 1524 2453 590 1465 3648 2130 469 1918 3103 294 1042 1771 2008 888 2701 2141 1533 108 88 2317 353 2442 1138 1457 2248 1176 2049 1552 3606 796 847 3678 662 3892 2058 636 3896 1096 2290 1478 1667 3580 3962 277 3626 1434 176 1262 2782 165 491 1266 3475 1371 2276 1770 2815 1503 2535 2437 1729 2574 2672 3035 632 637 1931 2116 3603 1791 2232 3327 3405 1569 2031 2348 1932 189 2995 3830 896 86 611 1532 343 1945 507 1037 272 2575 2795 2787 3427 561 3491 2850 2924 2470 3065 117 2400 1189 3803 2253 3155 2845 2820 1601 99 336 1911 770 2750 589 3216 2013 3859 2295 883 3087 3097 1875 3548 2288 2405 361 3105 3584
28 415
186 3736 433 854 229 2282 976 978 2827 1072 3831 2748 700 1910 1817 1207 3641 1992 2632 278 3671 3916 548 3945 1657 1776 315 442 1956 3790 417 3973 1172 153 2458 981 3601 1114 3907 677 2176 2722 3855 3602 2068 2570 2344 1183 25 1882 1883 3720 995 1047 1906 2063 3525 0 2521 3098 939 2308 3139 3939 3460 341 3431 1215 2557 13 182 800 1121 1149 1902 1520 3187 2342 604 3000 143 2226 2363 1285 2644 533 149 2640 3421 2323 1660 2712 1622 646 1841 3901 3512 1490 776 691 2108 749 1632 3517 161 1818 1085 2017 526 2918 986 3273 3735 2806 2950 3113 1486 621 1850 27 2243 708 765 1700 3102 2907 2773 3388 2289 892 3001 3690 1922 945 622 1017 7 3091 1341 2539 320 3658 2395 2297 118 856 1182 858 1314 129 3497 3079 3924 2249 2671 2803 3072 3639 2882 367 3340 326 376 1164 3520 286 3174 206 2520 1969 2956 3977 2890 2646 2702 1949 3981 3396 3749 1743 1298 3489 1323 1539 797 2512 746 3188 675 1686 3229 1232 2729 2425 3110 2899 2161 220 889 2901 1598 1741 141 413 1855 281 1122 1280 126 828 532 3239 1352 3615 35 147 435 1504 3757 236 3161 523 614 3021 1971 3253 1388 3772 2076 3326 1492 225 2966 2514 1578 3897 1694 3534 1310 2349 2519 778 725 3594 1221 1212 3302 1436 3223 1359 3257 3424 3799 2097 2559 1845 2760 3675 2173 1615 2772 2983 393 3387 253 316 2051 1480 1903 1089 2034 231 741 3271 3845 2668 285 139 1998 454 541 3854 1908 1516 1713 2078 2800 3081 1633 2440 38 92 2121 520 1674 1879 2419 2812 508 2621 1249 487 3585 1038 2186 1585 1483 1338 2050 18 1683 3797 1307 3022 3399 2271 175 2445 3488 2396 152 2796 3500 53 3320 529 3762 119 1141 3953 3445 2379 3954 476 64 2016 1447 3957 409 3099 3328 2864 489 823 2688 881 2958 1006 1379 2021 914 897 3137 3038 211 3215 2182 1064 1459 439 3777 2098 3394 1756 3005 1839 2977 3325 970 3670 2361 464 1209 1256 1471 2894 3807 1313 1940 2310 764 1544 2175 1860 575 3344 1784 3235 2124 2447 264 289 2604 2764 2801 3589 3980 1263 402 1662 3150 1797 3095 3581 400 3937 3895 3727 1901 2994 1117 1187 2086 1777 1083
7 294
172 3761 2623 2299 867 1188 628 2618 3157 1844 1526 2969 2852 2280 679 1347 76 2195 2942 3607 3861 866 3068 2765 2231 2993 1326 2376 3204 3975 3252 3151 3710 493 1948 2303 3705 1637 2925 560 2216 3885 2113 2927 1103 2546 3839 3693 3873 3332 2355 3869 850 1991 1515 3800 3198 910 699 395 2834 2592 2638 1733 830 237 3884 1750 1917 1192 41 3948 3709 510 1936 2386 1377 2424 95 1982 513 205 1832 3162 249 2826 3936 3366 940 1368 2719 44 2466 89 1211 58 774 506 3391 1460 2645 52 900 261 1194 2577 301 2018 3588 140 1153 1610 3289 2306 144 713 2960 886 3008 96 3120 3787 3723 103 2769 2367 979 338 2390 868 3111 1843 363 483 1115 2102 1963 303 3353 174 835 1013 1907 890 3293 374 3768 125 2205 2029 1678 3776 2291 1873 3338 943 2549 1849 36 2093 3863 1551 688 2261 3583 542 3687 77 2504 1792 133 3540 3406 1706 321 2133 3277 1782 3543 2652 3669 3194 3882 721 2136 2028 156 3599 672 3605 1597 3758 1558 1069 1720 3592 1133 2302 3821 2211 3858 1132 111 2789 2637 2758 2140 1966 1334 3347 3083 3865 355 3574 3382 2398 1545 51 3931 2194 423 3209 470 1735 1219 3385 3974 1954 2756 2336 1 1077 2819 885 375 3373 1445 3554 2641 1401 1242 951 3036 3786 2766 705 893 947 1325 90 735 1795 2011 3660 1440 2220 299 1501 1202 1811 1912 2117 170 3590 3838 1094 2659 2778 3476 1279 2650 3539 3446 2417 3933 693 1462 3040 3438 1559 3634 805 629 3449 3816 254 3075 263 2427 2537 3029 1412 1718 2483
