6
6 1014
8365 10576 9256 8613 630 273 2834 8698 10107 10507 10089 4085 2204 11429 7448 8771 2021 11974 8474 9815 9317 511 6904 1958 8824 1649 6795 7108 3869 5788 3942 169 3471 408 6738 6744 2717 9025 9817 4075 728 7366 2504 3538 7815 4211 6516 5502 11741 2669 8121 11489 1635 8284 724 11857 9071 8298 8847 7656 3362 5711 7074 5608 4918 11246 7690 7245 5733 3637 5859 7838 2746 4875 10773 1724 5299 5653 8404 410 9814 3697 2059 1286 5556 1694 7260 1987 4336 9775 8646 1922 6424 7126 8606 4943 8812 11636 11828 5415 11838 4105 6746 11343 5494 2604 4134 10345 8882 7531 10422 6388 4948 5193 5620 6261 8885 9014 7240 661 2227 4747 4776 8985 9921 5882 6888 5768 1136 1736 2581 6332 5132 10138 4635 3882 8203 2343 517 10977 10783 4349 4436 6584 7120 11897 3986 7556 3782 4066 8407 6670 4763 7618 1570 8128 5384 4161 9391 5480 1525 10130 8566 5049 7069 928 3007 5245 119 9005 6785 5071 4032 1365 4248 5270 11895 11353 3758 8830 1226 567 4886 6659 9988 9910 3939 10516 10765 3393 4780 6946 7219 5295 4151 7157 3734 8492 10814 4235 11722 10115 11379 3893 5303 8791 10690 8990 2366 10843 4850 10511 139 286 7049 1121 2895 1367 6111 4563 2159 5088 9706 1624 4398 696 9903 5922 4401 6278 768 4589 10871 4781 3778 4267 2156 10493 3036 7999 8520 5052 1182 8102 6072 2675 8551 1451 1164 1465 8374 483 6656 4255 3061 1488 7265 6592 10891 941 11572 6458 10987 9216 15 6595 8269 5572 6876 7168 9141 9311 7571 2637 996 7338 6688 8214 8495 1371 1835 5910 2195 1181 6679 11280 10445 672 9530 11713 2302 7505 7596 2879 8560 4789 8973 6958 7024 966 1831 10708 6030 3181 3139 2235 10732 7861 11877 1765 1787 2990 10474 7640 2941 1427 1568 1640 2475 4939 2076 5255 8012 11926 2470 8976 3399 7615 6596 11696 3790 6269 3660 8312 3532 6088 9510 2783 5019 11264 9618 10552 2952 8265 6341 7814 6500 2935 10694 7347 6794 10476 4867 489 8704 484 3658 11984 799 11418 3448 1435 5300 6052 6608 3003 3119 9303 2196 4723 211 5329 509 1124 364 6210 4626 7510 4469 3589 4414 499 1752 5091 5359 395 10837 8954 11268 646 1042 4186 274 1329 8479 10761 7954 6706 803 9268 10993 10399 8988 199 9657 1763 4996 9632 5360 4153 8117 11397 11142 3187 285 11377 10119 8353 4795 2804 3023 3151 461 11163 2926 11413 2528 2567 6867 3275 5816 1356 4124 5636 8609 9919 7986 507 3617 8283 463 10729 11525 1064 6037 7063 7209 11617 6368 6417 5465 9909 5972 4627 662 11533 9494 8966 9322 1925 8586 2212 1 6990 9323 2148 2439 7184 6292 2472 166 10559 8529 8842 1127 3265 3421 8082 10606 4174 6308 9064 8355 6922 10087 6400 3548 7845 4517 1713 2099 10329 10514 7318 9558 9697 6675 1087 3967 2351 8684 99 2397 9100 5177 8557 7923 8252 8645 11034 10779 9654 7005 10903 5831 3266 1792 3992 1163 1122 9532 2022 6331 7820 2019 8907 3064 4127 6523 423 1521 5446 9821 2047 4797 1137 5310 4716 8399 7673 7977 11068 2970 5752 850 11472 6211 11356 3588 8540 536 8543 3094 1391 6825 11438 11852 3219 7727 3186 7971 3463 4259 7512 1328 5855 8067 10677 8498 11085 1178 5435 3784 11619 3408 3635 10520 4408 10408 2612 2780 4979 4718 4586 775 2753 1872 4253 6469 247 8776 11614 10082 6787 3525 2868 2425 5256 146 3125 3666 469 3839 1153 9797 332 6817 167 9958 8454 11310 5964 6130 7239 5564 6180 2000 6150 11748 5003 11560 11739 7779 4140 10117 9537 8881 1587 1956 8346 4181 4698 6615 2711 2752 830 7616 3605 1119 40 4502 11332 9582 2648 2542 10811 5462 6257 176 8914 11189 4641 642 1109 8788 2920 7933 7760 1795 6526 10753 597 10659 9755 11064 6233 8865 7386 5731 10224 11861 7277 3938 8119 11626 1868 11683 988 1281 10189 6542 10946 6340 2968 7671 10805 3899 10930 11766 6658 11918 1914 8342 10467 7950 11689 7313 5783 3785 7111 5258 4934 9334 1172 8255 11098 3478 11092 104 2588 11094 11205 7936 4042 5153 2827 6384 6802 7367 447 9865 7181 6639 3568 637 8556 2701 1665 2479 9950 2969 11819 36 8416 6025 10431 7724 8687 1811 9832 1574 5981 10100 4431 11398 7377 10283 74 10453 10648 10830 11213 86 9044 356 10776 5994 8016 8844 7026 3593 647 6970 2683 6982 7895 1399 5660 3515 6549 6903 11937 2545 5227 400 10979 2202 1893 10907 11038 4206 6534 2859 6994 3500 3619 4200 6271 311 6868 4535 3365 11495 7604 11461 5375 10925 5613 129 11318 9890 444 2841 7792 9419 9670 6854 6021 8825 2079 8948 11847 5899 3873 11114 7627 6433 9422 11846 8287 5481 10533 8725 320 5168 3792 10712 2784 968 5257 8133 5077 4585 25 4359 1191 753 9202 5441 2511 5201 11986 383 4685 6939 7669 10308 2901 2932 9754 3879 5757 1377 6710 2820 3407 910 1223 10969 1512 4053 6826 5362 5474 8793 6959 7354 571 6382 4806 1263 4443 6109 6247 4518 1312 3970 3004 2818 5728 6318 7229 7521 3514 10044 4998 6092 791 9207 224 7664 2163 3851 8614 11480 2582 7633 7552 6748 1068 4609 3193 8804 9610 3130 51 1475 1481 8602 10608 2437 8774 942 1652 2554 1085 5603 1899 8345 1755 3603 1155 5319 3280 11291 7410 2111 4827 9995 11251 5333 11685 1499 10572 6969 11431 8592 3294 10700 8555 3862 9845 9983 8890 4511 1376 8527 4639 5237 7810 8918 3055 8299 8428 4362 2243 10581 3348 1053 3753 2170 4663 4881 5684 5706 4394 5191 3213 5530 1510 636 5988 9700 2996 5857 5723 2993 5611 6474 624 1108 11159 5554 4183 9741 1876 8289 10240 5476 2153 8459 2596 1288 7747 5879 1511 3770 2960 7613 11372 7561 7712 4974 4791 30 10428 2599 11485 11008 5076 11654 11488 5581 8180
3 2754
2914 4755 11671 700 2309 4170 4713 6413 8596 9416 2547 11806 5949 6397 2586 11922 9332 1932 8047 147 1655 10206 11010 11241 4946 5271 5923 8065 11208 4680 8466 9173 9414 9842 10040 10096 2981 3413 4854 7230 8037 6518 2035 7867 8462 9940 3461 6110 6763 7862 9864 5144 9490 10384 11762 9677 10183 10615 10863 4613 8166 871 985 1423 11597 3922 6630 8318 9182 3529 5211 7010 5080 10914 11698 7043 11033 4043 5443 5629 10628 4226 4717 5204 6203 3499 11901 1825 3184 9638 9892 3343 6148 7295 6811 573 11259 384 8647 8996 4432 11509 5200 6309 495 10022 2946 4862 6160 9816 2110 7280 386 9434 4049 94 2168 10416 11490 11585 5918 9062 9430 9933 10094 3353 821 8175 473 8909 1048 11463 5266 5689 8532 520 2007 3148 3409 7716 3535 11792 3643 287 8618 9031 1445 7745 8937 10656 2817 7036 213 9233 1382 2618 11115 3165 5185 8300 2010 10550 3292 4764 341 9503 2495 11206 4866 6620 8806 1260 4058 5700 6810 148 8964 9280 1388 10731 8006 10469 10681 3352 6909 967 2308 6742 10139 2499 11321 5024 6164 11181 8354 1262 10170 11030 10097 2161 6067 7519 380 416 2025 4714 5616 8807 2221 7353 9013 10177 5705 6446 6989 9599 1437 2027 10988 3868 4772 4798 6508 44 688 10402 10737 3651 3840 7875 9962 9978 6329 929 2433 3359 5164 7812 10225 11493 4904 232 9835 11526 5693 5974 6418 7044 9108 5457 8699 854 1507 1582 4489 5765 8363 750 766 1056 3456 1607 9363 9480 11567 4897 6108 1070 279 1189 1867 5090 6026 6394 7620 8193 503 9386 10120 10306 8713 4950 5107 7660 7940 4444 6477 762 1806 2192 10427 2553 1090 9315 1269 5218 9336 3977 10632 10061 5965 1151 10202 2013 3962 4644 3801 3981 4475 4659 8352 8768 9433 1955 3864 3898 8712 4490 5230 10092 7456 8196 10049 10526 2904 6184 6375 7869 9247 9580 10375 10570 3474 2953 11177 11364 7583 1348 11190 11209 11327 6881 8650 2468 4031 8373 1292 1814 10357 3587 2584 3665 3371 11392 4330 5860 7268 10112 10580 2539 11089 3760 5655 2341 11000 11082 5382 6227 7707 7952 9936 10193 7464 7509 8384 4893 5250 8708 10188 8628 3232 11751 11985 4840 5070 5657 7597 9589 2219 3120 11530 3607 6515 8079 9270 2416 10626 1588 2190 3581 770 1279 1468 6365 6700 4096 10711 11138 3271 55 10387 2667 11460 6501 8756 2489 10919 3489 3613 4045 4437 5236 7249 8607 6457 1515 2070 6053 1993 6480 2830 4284 4438 5010 8077 8401 9087 9137 9302 2292 10728 6963 95 8877 3071 6262 7450 18 579 715 9308 10302 1626 6587 8335 9343 11088 3189 3852 5876 6692 1305 9953 11137 6911 3129 4323 10923 3021 6012 6385 11214 4360 6212 6353 9157 10481 3108 6965 8019 9432 3961 5658 6894 1338 1976 10208 11995 5042 6139 6189 145 8439 1684 10258 2101 3256 7441 10173 2120 7516 9894 5471 6698 649 1231 9648 10508 190 771 969 7257 2287 2924 11462 4057 5292 5604 8433 1215 9607 11749 3823 4876 6102 1644 2716 5961 6955 1093 10273 8740 3650 5669 7675 8160 5106 6444 6831 8250 8763 8971 1370 10862 3132 4369 4562 8536 9300 9769 7558 7990 8465 9691 10454 2956 5814 6426 2767 10968 11344 6957 3301 4052 9951 1785 10998 5503 6005 8338 2522 11711 5812 8957 1306 2275 3097 4229 5552 8051 10612 4509 714 2563 11631 3979 5499 8608 889 9239 1897 10774 2745 3858 158 10892 11773 5276 7914 9575 1930 11020 11275 4703 8629 4010 4384 5762 7008 660 10016 9427 2524 3179 3759 6930 6954 7541 5151 100 8817 6760 6875 7119 7476 9095 9573 5873 1494 1671 10502 11234 11243 5327 721 9276 4020 6095 6410 8142 9466 6439 1860 3306 3358 9126 3162 986 9205 1991 2893 3661 4932 5571 2116 10796 7829 7942 978 10201 3406 3695 5523 9758 2427 3031 3936 6347 6689 8205 8469 9559 5267 2261 2387 5184 5488 5676 2183 5115 6081 6800 2616 11905 4465 5510 6350 9048 3798 4024 8073 270 530 11278 11335 3285 6985 10249 10335 4028 6950 2578 2800 3520 3523 11784 596 6314 6812 275 4015 8754 10280 3714 6947 9960 1924 4286 8162 8635 8980 9358 2892 3484 6944 493 9194 1357 1489 10437 3459 5897 9428 11687 7710 4549 7038 7231 2026 5906 6010 11384 3543 6912 8461 291 1858 10377 3537 3843 4813 5186 6646 8350 11665 3530 281 10047 5950 7824 1147 4733 5535 5823 392 2477 4328 5119 6041 6498 6712 7242 8156 2150 5434 5775 7312 1359 11254 11883 5920 8796 814 2551 3813 3950 7146 7744 8709 1265 11272 5179 5551 7808 623 1566 10066 10684 11627 172 1776 11078 11425 5635 6246 7218 7717 427 9153 5517 8686 3028 6752 7228 7315 7508 379 991 10864 9747 3372 3883 5942 6966 743 763 6647 3033 6117 13 2123 5699 8347 564 9704 1805 10522 10544 4271 5238 5475 7482 8008 10140 5347 3380 11655 5630 5887 8917 2032 3990 5843 2091 3197 11941 5039 7416 83 10248 2721 8112 1702 2556 5666 1721 2244 11074 4519 9543 1854 4838 7819 305 1960 2558 11324 7235 10629 2987 3963 4410 5674 6691 8396 10114 1942 10645 5062 5216 899 6079 6216 4294 6127 3644 5483 6228 6617 588 3516 4968 8895 1120 1234 4086 5251 4357 716 1908 1927 10539 2523 3850 6177 6254 363 3321 11755 9450 3017 11616 7725 10909 11409 3203 7461 2347 11805 7053 8837 1118 10733 3329 8178 9183 3248 3849 6832 7672 8157 2362 2775 4730 1738 3640 5793 10941 5764 336 944 1502 1859 3069 1764 3810 6009 7075 8947 1947 7009 788 2415 4434 7828 1471 6058 11366 4163 7742 2297 10955 4497 2938 3346 5281 5966 3415 3989 7028 5432 1061 9398 10052 11334 11407 4628 6896 7533 1442 9801 1542 2228 5456 5880 7912 8231 8443 4594 8810 5160 5614 10538 1852 2434 888 1015 1916 11962 1378 10133 11487 4959 6531 6703 8438 10443 1148 4546 6579 4087 6739 8247 963 10076 10216 10324 7557 4203 7487 757 2807 4725 5075 7569 1360 9692 9856 4103 7763 1337 10967 4577 2323 6395 8018 7270 4337 8213 5214 769 8979 10692 11605 5212 7263 8136 4227 5770 5999 8522 9277 1712 4927 5790 10118 3561 11945 5246 5905 284 11348 11403 11448 8120 1975 2838 11084 11484 3618 4869 5252 7648 2253 2619 43 10278 4264 6273 7034 4578 4727 5125 117 10780 5365 5743 7941 858 2534 4552 5487 6051 7681 2570 4068 10340 4691 6509 8262 312 916 10364 1380 2885 5886 10484 47 3060 4622 1157 10349 3303 6730 8561 2166 7831 9478 3433 11939 7019 441 1693 2411 3654 11956 5198 5796 8510 3446 4067 9556 5428 6078 6461 1397 2978 4616 8848 11394 7696 75 9655 3158 6371 355 2151 11422 8248 9664 6014 8 205 5378 5205 7889 27 1847 10870 9948 10613 6906 394 9238 7981 458 3136 7908 3368 5745 97 9949 2269 11452 5392 8672 1454 10772 2822 11983 7972 6762 6821 9447 10275 10380 3507 5707 8091 9072 3240 4376 10355 11774 4825 6066 7647 11669 4824 5364 6355 9155 9489 10071 11041 11565 3473 5398 6017 7217 7934 10434 2284 11287 3995 11130 7004 180 10277 4991 5987 9438 9030 5165 10005 2132 11718 1813 11947 7370 9057 10491 8188 953 1270 10148 4192 4699 8118 228 2178 7225 7376 10432 4409 7381 7668 8074 3217 3259 4744 9465 10972 3904 4220 5260 5595 2525 4852 1874 7993 8511 11610 5883 6952 7806 1406 3477 4513 9263 9790 11071 11168 8395 10333 2167 2291 11503 7178 8922 9001 10211 10562 4223 4460 6168 699 2217 3571 7446 7543 92 936 1253 10268 5416 3149 1529 4149 4986 11656 6419 8682 9595 4442 8422 8982 9468 2851 2977 6172 376 737 9003 2484 10111 10135 6580 72 1022 11406 4089 8564 9665 5573 10826 11285 5130 6910 7985 452 10169 3931 4688 5817 6122 538 4516 6892 7854 2388 2593 6769 10849 11949 6960 10348 3940 6440 6492 7547 7594 8497 4110 732 10301 10710 4152 4574 7261 7479 1010 10696 7021 8766 1912 1913 4607 9871 2335 10884 230 9066 11236 3142 6557 2460 10664 4332 6520 10542 4860 5063 7922 338 4614 7483 1931 11304 6936 3206 3351 3907 3971 4802 10230 10485 11672 11765 4353 5102 5308 1879 11651 7486 11302 3663 3699 7323 1323 10548 5111 997 9511 11009 8919 11182 11186 6264 6421 6705 7061 7666 6853 1462 5976 7023 7342 11676 4597 7736 1921 7255 1654 7103 7398 4182 260 3949 4615 6344 7237 9195 10460 3367 11553 5403 848 2902 4448 4938 7928 9378 11200 4272 5374 1784 2270 9401 2458 2708 11363 6207 8281 3917 8787 10603 2467 11028 11695 3848 7116 11868 2271 2643 2900 4984 6075 7001 9462 11434 178 2317 2857 3000 6437 1853 10668 10682 3084 9932 2955 8467 8901 9211 11521 5215 5722 7149 9089 1520 11536 1552 1836 6116 8675 9473 9802 754 3138 3370 1608 2409 4536 7636 9040 1199 9984 1812 10755 7848 8229 9683 11582 3944 5914 6562 8617 9354 6765 7756 9997 10860 3828 6917 2421 5066 6530 7012 1575 9839 11510 448 1023 1350 10041 4315 10531 3416 6290 314 9119 1025 1988 9642 2401 10741 7963 10319 2985 7911 8940 4476 7964 10028 10098 4159 5350 7811 822 1871 2314 2846 3373 3540 4016 7424 8110 372 9475 10985 8500 3377 3552 6445 935 9128 4801 8339 10885 6165 6607 6756 4634 7442 8092 10250 5223 179 10289 6610 6991 8568 9384 10103 2989 7106 133 11075 1457 789 11653 253 1907 10395 10553 10607 10932 3486 5240 8750 2786 11012 4382 5885 628 2187 3876 8090 8739 10487 10893 4954 5385 3016 3350 3562 3608 4034 6472 8199 8767 4889 101 8315 10056 3141 3279 4461 8210 10386 11670 3633 4321 10050 2445 8827 764 10872 4439 7638 3505 5585 5902 456 9472 5084 10639 3710 5726 8692 9169 1039 1403 5803 7421 6241 6335 10730 11249 8309 11812 5537 8490 9828 9969 6524 1466 10815 11354 9486 1544 1882 11325 7321 7444 11638 4256 9353 4907 8177 10372 11701 9570 1918 4273 710 1396 10743 1304 1581 6019 9041 5998 1302 2394 2440 10895 5248 49 1254 2787 6071 7275 7311 908 1095 9591 5929 6324 4054 6059 3052 3246 2142 10970 4625 5444 1274 3242 5592 4676 9269 8599 8611 9926 2751 5232 5277 5642 6460 294 11160 2759 8368 10900 3037 4874 7726 1058 3918 7796 11133 3260 4331 6161 4391 4587 7565 7766 774 8868 9380 10154 11295 1452 8728 3062 3841 5565 7276 11218 3030 3547 3639 5989 6167 566 653 2814 3296 4835 9924 3276 4499 7171 7411 11874 7064 815 964 6612 11930 2715 1343 2907 4474 4958 5792 10152 3032 11598 3482 3895 4128 4796 449 6074 7974 895 11863 8779 1251 1731 4311 4921 8524 1307 10058 11195 6013 409 8690 6107 3974 1617 1729 3337 4767 10075 2548 3041 11457 8644 5206 7835 9577 10751 11836 4029 3059 3364 3431 5054 8677 9663 9726 10164 10288 11191 5827 7534 2046 6764 9342 9886 3900 4245 4280 5506 9606 1929 3518 289 2146 4870 6237 6565 8303 5977 7765 9149 4351 6425 6462 6870 337 9598 2448 11337 5612 6728 7693 1545 1804 10771 4647 6883 8185 4734 7250 6206 795 5424 9585 1730 2404 11988 8952 11193 3891 5380 8297 9913 6312 3550 8280 2942 6039 8642 2564 3854 6076 8007 8164 10804 3712 6214 7200 1606 3546 5337 5679 5761 1140 6297 8577 887 2239 5397 11825 5464 318 9290 3273 4799 6761 11621 4749 5104 7096 3819 2103 2743 5381 5411 6370 2324 6635 599 8826 2306 10908 3277 3449 4565 4062 2081 5789 8278 10504 2653 4106 2501 2760 3455 5849 6002 11756 4403 9002 9305 1695 7194 9344 7205 8109 1105 9439 10271 11554 5563 9464 4457 787 1698 2376 2854 11376 8491 1065 556 9707 2754 8514 1241 9840 10496 11141 9306 2871 4179 5058 9767 11667 4464 5020 8999 6087 1229 11378 932 10142 3469 3558 3920 365 9739 5932 729 3497 1732 10234 10611 11992 2779 7524 2823 11067 5124 7227 7907 933 965 2519 3006 11869 5821 8138 10482 2507 2688 3768 6786 2157 10498 2573 10868 11276 438 10376 3528 5192 10186 5916 8693 972 1843 5421 6545 8632 2339 10609 5671 8220 80 9206 10644 4871 8622 8874 3001 4583 4924 7083 7665 540 10168 10181 10836 11467 1469 4993 8257 3117 11791 11853 1974 3278 5194 7124 2154 11934 6919 6973 9411 11387 11592 3584 9765 6007 7932 1381 1761 11577 4887 5154 9374 11850 7365 3501 690 1562 2122 10573 7752 8760 9431 4646 2446 2555 2896 7651 9487 10787 11586 6434 7134 8515 1168 6194 5167 10624 3846 7555 90 5663 5870 7356 5881 9237 6399 6593 8559 10915 4673 7154 1888 5569 7570 7969 2342 6981 8600 10099 3163 3491 5306 7059 10215 10254 6649 476 3150 10320 10819 9850 2836 3726 5769 6694 8821 9259 1169 990 2164 3230 11961 7198 7472 1708 11744 5736 5909 8130 578 9188 3423 4101 4225 8161 1646 6914 998 1218 9887 3182 11644 4955 1209 7132 7949 11747 6775 7206 8488 8554 1363 3403 9140 1532 2218 2649 11365 3223 7114 11 103 8942 9314 10579 6586 7288 282 2587 4961 5097 5318 7435 239 10153 3328 5928 10287 11955 4073 4144 4708 6496 1355 9684 2790 2856 3700 3820 6604 10661 8934 1870 11081 11759 6276 6847 7399 229 8623 5233 5243 5907 7480 1198 11679 5046 5229 5957 1710 1412 11932 6726 2259 231 4526 8272 3933 7515 3972 8271 9079 1938 10272 2251 3269 3877 10492 10748 10784 6155 528 610 684 9197 9495 2083 7758 8518 9884 10132 11942 4018 10378 3122 11953 8087 8237 6393 1675 9943 6732 8011 10705 3457 7112 8558 6974 11329 8135 10106 4044 4531 8505 3488 4381 9737 5131 151 9235 10242 10477 4884 7226 9361 6144 1704 976 9679 2911 11830 8064 7077 10585 2843 3959 238 3509 6715 7286 7723 8155 1863 10344 3224 3994 7853 10458 2630 7705 10566 3556 5261 6031 6704 240 506 1749 4441 5959 2201 4091 7738 82 3317 3612 5405 6201 7071 1638 11454 6338 7247 10981 8834 2624 11107 7858 181 1780 11029 8078 1319 2913 11716 68 250 9645 5739 7746 11543 3659 6634 10426 5725 519 2014 2370 3902 4849 6886 8406 466 524 2390 2951 11566 6621 6714 164 1045 1549 11446 1861 10167 2810 7467 8320 390 4242 4660 1132 3732 4003 4012 7477 1673 10227 11951 11998 4123 4898 7836 11342 3177 7844 9394 1416 3166 7215 11244 3832 11301 3336 6057 8583 8366 8792 635 11319 4113 81 1440 3057 11888 4447 5056 6483 150 9210 9968 3987 4277 4988 5779 7057 1007 11787 4392 7327 8279 9689 4114 4130 7460 9789 2666 10901 2905 3731 4906 8962 2028 2400 3226 3789 7962 523 9382 10674 3655 4982 6035 8838 10043 5587 2405 6723 7663 8729 2677 11032 9370 9417 2177 2518 2878 7643 2189 2249 2443 8615 10642 6182 8878 10303 2627 393 10004 6134 9973 4754 6183 8072 10938 5610 7155 785 10742 11002 11265 4232 3388 706 792 2045 5848 8061 8198 244 1073 10535 4136 5938 875 1004 10381 3112 3934 4539 1723 3133 11709 11831 10654 2803 3024 7027 3968 8802 4488 2611 11031 3861 4230 4320 3614 4971 8775 9097 1424 3081 5449 6885 7799 9255 9895 5166 6978 243 589 2465 4338 6320 546 1259 2340 11936 6004 725 9646 9822 11544 6884 7241 10222 3880 2143 11940 4422 5732 6405 2724 2809 11328 5993 7455 8458 10267 11564 6538 1252 10530 7529 1077 10062 2994 11468 5543 5717 7611 11170 533 562 9027 2438 2692 7418 870 7190 2133 6503 8538 720 11412 11618 5511 6486 7037 7130 10363 2947 6407 8254 1556 11933 8394 10147 7608 111 1296 1332 9779 9799 10079 2003 3147 4390 6330 11292 4352 17 9389 5668 9656 2668 5579 6878 1345 10683 3704 5520 1021 9803 1837 3342 11829 5114 8587 9545 10812 10865 4596 4666 6663 7485 10351 5377 6841 89 1750 11978 8977 9408 2258 3715 6219 805 1390 4775 7162 7368 7839 303 8738 8898 2138 4945 8400 8597 10582 11496 8648 4380 5858 7397 2874 3527 1392 1917 3176 4661 6200 8147 8418 8513 865 1579
8 1891
8550 10054 2030 4836 5283 6044 7709 756 1881 10764 5734 11131 8726 1756 10456 6495 6638 4215 4364 6213 9227 10651 11960 7403 1033 1037 10070 2478 7757 8332 9965 2280 2927 11346 4008 6627 6707 7925 9939 2330 10798 2863 3175 3511 7567 9847 11247 5643 5346 8197 10894 4529 5389 10904 5313 3906 3788 8588 686 8899 2012 10383 10596 2493 3085 3821 5187 7128 11477 5302 6376 9388 2313 4081 5105 5925 7129 9455 3445 7384 6674 7164 6504 2486 6118 5103 7865 598 2645 3653 4019 5526 4670 59 9720 8679 2729 11996 5287 7374 3379 5963 7282 7536 10578 10775 7522 544 1553 7259 7389 813 3262 5492 7344 7572 9671 8653 10116 10123 4858 7984 8910 2209 11754 5820 2034 5150 6718 7649 7307 177 3927 4268 4817 5960 6648 8154 8233 8863 9193 10963 3439 3887 7654 4009 252 539 9915 2456 8983 11023 3225 3506 5854 1052 10212 3170 11584 5912 8385 3430 5804 1420 3780 8149 8292 862 1174 10760 11256 5430 6898 8849 1054 1192 1394 8035 9133 2277 11727 3800 144 1720 7159 7629 359 398 462 8783 8044 840 11314 7152 3727 3838 955 11884 191 9240 9813 2552 10823 6654 10727 7682 10290 11809 6555 2406 9007 1569 5273 10314 6366 8042 2647 5835 904 4895 7429 295 2420 4758 2849 3677 4395 6512 7082 8273 10322 10359 5061 6317 8071 8944 1340 7138 927 9316 3656 11948 3996 288 937 8055 618 9513 9796 451 1873 7246 7340 10149 298 8799 10088 2336 3188 4157 7123 8734 9203 10396 11892 9292 1541 4100 1834 8246 10660 8850 8571 1000 1299 9993 10490 11840 561 2131 401 2092 4623 4239 4779 5172 8575 8835 10184 10463 9920 6245 9117 11507 3508 7078 11171 8431 9662 8039 8412 185 1315 1429 9899 4820 8423 7244 8076 8464 11016 11095 5575 8239 9299 9536 4745 796 7902 474 3293 6745 780 2037 10334 9848 2272 8150 1368 2842 161 11091 5756 5811 53 9981 4762 8187 6860 3723 4080 4756 6205 7785 10951 11810 5199 3264 1075 2678 9877 1760 11674 11740 4591 10627 8022 293 11712 403 9698 1802 10429 5625 5934 6759 37 602 9505 10899 7782 10332 11780 7628 10866 7619 8053 8293 10406 3676 3384 368 1741 11316 4249 6695 8797 10002 5528 1775 2262 1339 10797 9393 10906 915 11373 5791 8169 742 1324 6905 7192 9310 1325 1983 1104 2972 7013 9409 3078 11993 3952 9327 3625 63 10956 4125 5698 6306 7721 8724 9275 9998 2301 11483 406 705 4525 8736 9629 1989 4855 5357 7343 470 11826 4325 7274 10966 5871 9838 10555 155 1447 7156 2930 5244 3998 8643 691 1227 2654 3252 8189 1952 10423 10720 4210 2041 3427 4700 5484 8174 2087 7568 7961 153 3806 6913 268 11623 3772 6466 1609 2020 10857 2038 9296 1395 10473 551 645 11630 3465 11692 4039 974 3067 11262 4243 7740 4065 4891 2094 6603 6192 9553 10762 218 738 9098 3737 7346 9514 9824 11662 4221 8601 11914 4285 7414 8058 619 2577 6494 9356 227 1798 6823 8367 1026 1687 8093 10274 2137 2663 5951 8021 622 2381 711 6311 475 9324 10341 8359 8432 9588 352 3 10021 10844 3870 7284 10200 8393 11123 11128 4533 8746 10221 10633 4792 276 2230 7771 7888 7975 9345 11122 11271 4606 8900 10361 6606 2608 1948 7958 9050 9412 3496 1110 10317 6359 9371 9942 10715 8211 943 4098 8357 9092 6907 6423 8226 413 5423 9844 3154 3935 2356 109 3599 5335 6337 869 2964 8411 9784 8667 8951 9576 9676 242 2073 5596 10746 6356 2147 2378 5420 5169 5395 5833 11501 7039 8268 1845 4768 7211 7523 1651 10141 10247 2193 9592 1444 5259 5841 1748 10672 6573 2077 5436 7526 9761 11694 6040 7860 2337 11113 3609 4937 2382 11769 5082 6313 6711 9497 1212 4595 7090 7830 8859 693 3836 5915 2088 7976 600 10874 9090 2538 2776 4021 1477 3443 9081 6585 1538 2359 6455 900 11146 7595 1601 3786 5568 6133 6513 7326 8336 2069 9820 11486 2361 8190 9819 10529 11408 3526 4851 454 4601 6605 3881 5429 5904 8668 5524 940 2864 5352 6487 1057 9841 10012 8001 9792 4278 8655 1999 5290 9625 1426 6873 8015 9070 2315 4621 1657 2934 5009 1641 2609 7966 7988 3191 961 10035 5044 9051 9870 2452 11117 16 1405 11238 7495 6325 831 10984 5777 156 3937 9020 9579 10252 4962 3207 11404 11628 4480 5865 8517 1690 7989 485 1637 10974 7364 1088 1815 11267 70 10017 2485 3807 812 902 2444 10962 6602 10525 11040 4913 6559 256 8820 8903 9425 7871 71 480 1453 6713 1611 3026 4176 2372 4681 5656 7423 361 3638 4199 5570 6864 8546 10478 2408 4941 1115 10546 10713 7408 7102 7741 9088 11777 4512 7287 206 1978 10957 6962 7360 5489 10813 3928 7500 1548 2285 712 11004 3046 3601 5751 6140 8662 4976 2530 10861 4191 5903 1565 10657 2797 5289 2048 10251 10973 3116 11556 377 9863 3038 4630 7104 7653 22 10403 3087 5955 7683 922 10834 7179 11600 4534 5081 7355 7582 8840 1514 3825 2072 11703 10875 4600 323 1839 6157 2540 11707 5828 9028 3592 6346 7035 8115 5599 5997 6725 1919 3565 7233 7432 8371 9800 2741 5112 2562 9596 5156 7715 9145 1953 7180 1439 6544 3295 3167 6676 2198 6521 2789 3106 3290 245 346 6060 3642 8137 4684 7937 8013 11440 5782 9710 11478 4424 3282 5692 816 1557 6357 867 194 9885 11824 611 9029 10350 10269 10709 10888 3263 5648 7528 6613 7590 9103 3385 8221 679 3754 595 11764 7776 7553 1496 3693 5409 10401 10670 5729 7700 8179 1500 10663 10725 7579 3088 5117 3901 11172 3185 1592 2664 3833 4582 4608 4093 2379 3945 6310 3247 11451 5399 4084 5839 436 952 11816 6447 585 9651 5633 8935 2063 3631 687 7453 9142 1167 3115 3268 5055 5670 6301 9524 6259 8024 512 659 6771 10754 1080 7804 350 9112 10368 11538 9008 3311 5867 880 9162 6221 7622 10707 6510 3009 6690 8063 439 3988 5304 9209 9649 6928 8227 1857 3389 52 11649 11979 11066 1685 10592 7794 2736 6666 10833 2705 11125 11389 4454 9893 5005 11135 3011 6863 2965 10565 4584 1842 5637 846 3775 6152 575 10724 5175 5985 4022 5952 3272 5605 5623 6196 8504 2756 4494 1210 7573 11370 9759 3210 6987 9337 9368 1634 10124 10238 11731 11274 11688 1945 1939 11216 9674 11369 6296 8752 9941 6777 4880 779 1318 5577 6651 1313 2182 3251 1473 4555 5000 7160 8452 8453 8781 3738 7 1001 2832 11529 4347 4947 5531 800 1648 6482 11728 11541 3485 1036 1249 2263 11164 10524 3773 7107 9297 1997 2718 3598 6224 7335 6156 6023 9994 1940 5017 6497 10019 2505 6208 9362 8258 3034 6456 7767 695 751 11732 6050 2199 2744 5650 9219 6628 4107 6499 9265 1751 1964 10291 3288 3866 1062 10887 11925 5824 7197 7457 6135 7577 9049 9132 10293 4995 5544 8572 5846 563 9675 1619 6865 1333 3787 7475 9653 2899 3834 2152 2303 3451 4108 8419 6995 8578 2686 4554 8457 4883 6716 9830 7946 123 3135 4216 7491 3908 2862 3674 7445 7183 432 9753 4345 7048 5225 10619 2710 3056 5933 7098 7731 9257 9609 6191 1362 5425 1404 4598 9212 11263 6242 1605 5314 7978 9260 9896 10858 6836 9975 2136 7823 10032 1996 11087 8390 9160 3077 580 5145 7795 2719 6360 10886 6054 8470 1598 10703 154 8912 1846 2626 11129 3093 23 6277 6432 2205 2311 2480 4720 9563 4314 11822 3802 739 9500 10430 10883 11646 4145 4344 7322 10219 10947 656 2636 10978 8056 10065 1910 10337 11999 6770 9776 2535 6105 8122 3826 2742 798 4219 2080 3498 4508 5140 1142 4726 9717 2095 853 11086 11118 11361 11943 2015 10794 1076 8057 4750 7015 8096 10586 4963 8745 3143 3289 2055 8526 9862 2747 9056 10996 4222 4334 1610 6112 1074 2029 5884 4377 6570 10425 2447 11815 4082 5224 7170 6493 6539 8206 4728 8148 3126 6643 8761 10018 3827 10296 5208 266 5580 91 10686 4167 634 1627 7617 945 4896 1772 2961 8695 9214 2066 3929 7755 10382 11505 9970 877 9517 2640 5379 1474 2695 11220 4524 1111 10688 2828 11027 4118 9424 9812 2819 11226 3426 7688 9176 9453 3513 10800 7774 12 8719 4102 4740 4400 1002 267 627 3814 772 11677 4856 9743 1757 5975 160 1264 3764 7093 8191 3014 8485 10699 11776 6766 10510 5680 8134 2247 2796 5555 8735 2295 8703 1464 3051 11410 11432 10134 3722 4306 5356 2417 11843 1003 5861 7351 38 113 387 9287 7734 8931 2093 6548 10084 11375 1728 10569 5798 2706 11433 11661 3475 4479 5023 8637 6089 677 736 9406 2267 3287 10718 3626 5305 7385 7903 8573 2181 2498 6684 5547 7957 171 8851 1321 6589 7068 1078 1150 9392 10995 4194 11546 5092 6099 4402 6342 3305 3698 5001 6429 7901 1850 2595 5840 11673 11620 6403 6547 10284 3604 5096 5936 8742 3805 5326 4240 1994 10842 11294 11796 4863 5505 5888 73 2348 11522 8216 138 951 1578 7846 1903 6049 7948 10587 11719 9077 1101 1718 1841 11946 8243 1998 10588 4859 339 3086 7388 7407 1965 2331 6551 3960 6616 10245 10503 11611 4592 2345 11127 3985 8240 1959 2576 10178 2888 5533 8052 2755 10959 5394 606 1886 9413 10086 8753 9312 1272 3924 7998 8066 7921 8875 1006 210 429 4942 2426 10820 7017 2944 6961 8864 9023 1284 9512 9538 2402 10990 11380 554 2184 7749 8896 1707 3913 8652 492 10276 3503 2673 2939 11603 5662 5962 7859 1484 11887 9166 992 1992 2016 11232 7066 9364 10749 3155 3376 9009 10726 6101 10129 2782 7289 7612 2469 3304 3649 482 5927 7768 1791 2785 5869 6737 9110 9367 11224 8548 8702 10599 4837 6431 8089 1258 5053 8264 8770 2254 1342 4335 10910 2844 4274 8585 11045 4037 4288 11856 5712 3319 4537 6527 7868 122 7091 2350 5606 6999 9231 6284 6287 1968 5328 7982 3795 6729 6667 8862 797 947 251 9390 4011 2084 10486 3144 6471 8696 2256 2329 9381 1476 3323 3888 4671 5050 8317 2396 11430 7783 9501 2735 2881 5037 5366 9215 1308 1459 8080 6895 1358 411 956 4657 5720 4366 4611 8290 10934 3334 3522 4478 1615 9906 10634 11705 192 9198 6478 919 2665 4468 11497 11569 1661 1970 2598 4406 7965 3512 4061 7238 8005 421 9444 6094 7285 1029 11878 8417 1856 11730 4793 1803 8017 11270 2739 7680 5410 6721 8450 10175 7262 7674 9608 1869 10451 11154 6581 32 2723 10045 5741 9918 11096 11148 443 1275 10594 2771 1341 2903 5123 10433 3270 4743 8260 2039 5013 5100 6897 1393 3208 7110 7833 11867 4261 6285 6977 7919 11858 5652 671 1631 11121 11906 11116 11150 11225 3172 11537 5780 8094 2288 5348 297 1678 10003 2338 5836 10695 3079 4579 841 6280 6473 6768 3816 11424 5695 10190 2129 11166 10137 11800 4433 6244 6807 8993 1131 9831 4378 8528 581 10943 3559 8310 8444 8033 1097 9415 2367 6043 6098 604 2316 781 2514 4298 5388 1944 11804 9804 11014
23 1294
8442 2203 11834 1829 874 4097 4573 1739 3973 1413 9121 1369 7094 10199 5351 8580 8959 3490 11362 11639 8897 2320 10810 3824 4631 6550 939 2574 5386 8723 10483 4231 7750 4742 7212 212 3730 8673 3932 6998 9376 8334 442 999 2290 8113 9441 2986 11233 7641 3080 11794 4842 9898 9199 2049 2631 4892 6398 545 1188 1984 3641 4429 5031 127 11645 434 526 10157 4501 3595 9171 4674 2384 7548 4696 11498 93 655 1276 10366 11396 1586 2945 6861 9944 3220 10127 4313 4980 6265 8473 3118 3725 6751 2368 5322 6601 3521 4908 9846 10411 11994 5766 5450 11320 4033 4135 8168 6489 6128 9705 9873 10415 3948 2937 4158 5825 162 182 8308 4936 1071 7143 165 1194 1138 9272 4687 2435 9535 9989 5452 7401 11022 3018 3092 4833 6298 6391 7310 2276 8116 8387 2628 6678 10244 11682 7438 9159 1894 2353 4903 7392 6106 10745 11904 7462 4790 6396 702 5995 10304 9326 1620 10499 11303 3205 7325 9102 9605 7527 9961 2757 11201 7818 10759 11359 5344 10698 987 4440 9650 7514 10260 2496 7532 9525 7256 8496 6274 9855 1849 3947 9469 5740 280 9488 3164 7016 7979 748 9483 1554 1794 7576 582 10928 8234 958 10777 2681 3837 6852 8382 9781 2768 3686 7606 639 1298 5878 1666 10310 5041 856 5330 534 5467 6181 1783 6351 2676 4137 553 11079 3228 11557 11607 7402 973 11260 7607 1326 9851 9869 7735 8311 8873 11106 1509 3063 6303 6459 755 1982 2206 362 1268 2332 11475 11917 5627 3180 4467 8563 7142 784 2957 3702 5085 5941 8478 2441 9787 2385 389 1625 9971 1862 5797 8818 9734 9974 4060 7704 141 4823 5282 418 10917 2569 6537 5754 4001 11052 5691 615 5087 8131 2273 4818 10662 11595 3736 3865 4171 5325 9178 4605 5060 5807 5557 2912 1193 9883 9829 3201 11964 8946 9888 1774 7832 9218 11515 6902 7361 747 5954 11851 5453 1398 10312 5393 9713 10867 576 4830 10965 3923 6225 11531 11355 8701 5400 370 3297 4956 8270 6175 7136 7630 2358 2975 4190 7884 11048 3417 5895 587 2403 4129 5036 505 1593 10495 8634 9628 5891 2334 10752 11299 9123 11357 11390 11108 5461 6104 10243 11383 5996 1746 3267 5647 8722 2127 2799 4637 6872 10512 4721 10102 2365 8994 608 3580 5025 7006 2929 9907 9122 10468 11097 864 8127 11912 10807 4557 5355 8883 11388 8129 4007 11207 4966 9640 6198 7497 345 1230 11399 2959 3209 2466 11306 6083 9930 10156 10595 6275 2009 8038 1936 3743 2418 3002 6158 2685 3545 3569 1349 9672 4126 7236 11368 5285 131 4358 5760 6920 5810 7278 9170 3173 8341 9633 3953 2898 11374 6138 6923 8718 8943 11279 7729 9442 6561 8567 8721 11807 5687 9509 6774 9069 5594 9533 11282 6132 10439 3749 8803 1884 10020 6843 4722 2999 216 7279 2062 10256 5930 657 10717 4254 1543 5426 10591 2837 11658 6834 11405 9320 11833 10549 4120 8277 6833 11982 1126 4238 5253 10336 4547 4668 4989 1372 9780 4473 1294 10691 9161 2923 6522 7995 3632 7443 1409 6240 8085 7334 2533 2769 1008 254 5147 7137 6681 373 6011 4083 5619 128 4667 4187 5632 11660 7751 4350 6582 8475 10367 11500 4198 5275 876 5678 5971 2880 8664 9154 1063 10255 3769 5539 8867 10911 1114 5376 701 10371 6436 6372 8929 5057 10210 3310 9307 4455 3574 10390 11437 8777 2991 10078 9922 3414 6686 4213 5622 6147 9987 11183 3194 3440 6485 1833 10898 9221 4561 257 995 10770 10952 3476 7304 11017 11293 5801 7980 6697 9763 2236 4367 7097 5447 10992 6735 7371 8441 2730 7821 7987 4237 5558 5681 137 4645 1696 10575 2670 9006 5383 9135 8228 455 11615 4741 8195 3325 7380 431 2928 5315 3101 5059 7425 7542 134 203 2693 7223 10879 9291 4769 5301 6631 8663 4025 5516 45 491 2112 9990 10616 2714 3221 3341 5158 3015 1411 28 11400 6386 8627 9410 4683 1951 2500 9549 6753 6778 9496 1353 6126 8403 9946 2392 11445 7125 7886 726 1590 10584 1154 9541 11076 7079 1309 10537 3756 1838 6046 7333 9189 5190 2371 9771 2656 719 8928 4809 8986 2835 10851 9101 9904 11548 152 8590 3955 11326 9879 4864 8905 9667 8639 2175 1421 10298 11789 6270 9449 3005 5239 5018 8836 3174 6124 6162 801 10704 1771 11699 41 1102 9952 10799 1463 5688 9456 8369 1316 5427 2125 10945 11062 3709 10356 3199 7412 56 6702 8106 328 7499 7679 8296 3211 7538 6441 6653 8415 1669 11697 5721 1374 7753 8814 2690 5072 62 3382 6412 11371 10568 2520 2731 8100 2529 11643 11977 6236 3624 8523 9458 11482 11589 4990 9567 1901 11803 5083 7584 5598 9120 9076 10457 11641 8481 8737 1354 2883 11250 6560 5826 9335 9568 2255 6199 7319 8707 5898 8413 2845 10470 5478 5576 934 9749 8884 3681 5578 7956 5341 11968 1422 6632 5312 8619 7955 1895 2600 4040 5045 11459 4196 4411 10379 4701 9738 3233 4794 1920 2412 125 7790 8705 7089 7202 9033 1190 1622 2644 140 2061 11126 7632 309 3941 412 7273 187 893 2266 4451 10687 3100 4816 3817 8521 4566 6070 2307 5781 896 10057 9546 5491 9562 11684 7336 277 2386 31 10666 8420 8945 11710 11763 2226 4059 5247 1613 5207 2119 3013 5646 8048 316 8880 1524 10675 1175 6069 3733 5519 5983 7469 174 248 8036 1028 10676 1650 2430 6166 7786 6680 629 8801 10506 10150 10950 4765 1170 2017 11511 11919 2124 7791 11228 1017 10543 4139 9251 11339 11726 6813 9063 3281 861 5559 4472 11970 4197 6799 7822 717 2606 1513 4576 5163 984 1297 9407 11788 11915 4341 11013 11139 4940 7251 8872 9554 10824 8892 5602 9330 11849 5894 3680 9017 4309 4832 2620 4514 8846 10110 11307 5704 7220 10854 2922 4450 8327 9954 2943 7113 9245 4771 2300 6295 249 5408 5802 6291 7054 11042 8888 9038 3331 8757 1668 1781 1818 7733 11702 4078 7042 10620 7109 8126 8386 3396 9731 10176 5640 4618 60 4456 5459 348 2451 7530 8282 8448 7994 6173 7070 8183 9418 11360 8307 11436 4373 8224 5529 6234 7677 2169 5162 2861 343 8688 9594 4322 5738 9372 6553 2423 2852 7267 10205 4193 4270 5354 917 9544 2459 7953 4916 317 4656 8288 5288 11706 6921 11221 6218 8040 9858 10262 10545 5956 4481 8853 1162 10982 4383 2772 11801 4709 10015 4204 4343 7002 7563 9091 1186 7115 872 10940 3253 5759 1320 11155 11513 7118 8235 2310 2200 6449 11913 4636 6008 5767 7153 3724 4567 8916 9436 2629 78 302 698 2140 8920 1047 9641 9957 2078 3776 7404 678 8388 1303 10263 7451 10462 4339 819 10557 2876 1986 10203 10540 2442 4303 6724 10342 3664 5367 977 7133 2319 10788 5133 10649 8170 9 7084 1753 3750 9399 3249 3602 6361 6980 8727 1271 5973 9901 11458 7883 2623 10769 10942 11680 5527 11606 6720 10455 7645 782 1335 7720 6924 4774 2222 10702 9078 3237 6145 163 10839 10104 11593 9476 2521 1430 5340 5628 57 2457 3910 921 11059 3579 2449 4643 4831 654 10034 7637 6289 6889 7100 6877 2357 3519 11492 3202 1173 9445 2549 3103 3369 5026 9241 1535 1722 4917 583 3402 7166 7513 4289 8714 9429 11323 4846 7992 9244 1727 11464 3809 6316 907 2241 10716 11633 7300 19 329 5584 11169 5099 4363 7145 3195 6600 1384 11336 5095 10501 4420 5515 591 722 9379 10636 2660 10902 4953 54 8782 7375 9150 11109 4370 6717 7144 10171 4030 4815 2160 4624 5016 8194 9223 2884 4412 5685
26 1133
884 9348 4109 58 8700 570 8437 4902 5353 1448 6514 10630 5414 1425 9032 8434 9397 5667 4133 11386 6642 10744 4648 11051 10209 10279 4365 3875 10165 1985 2840 2910 1797 8889 9318 1571 7918 9420 10590 2572 8424 6409 2389 1152 7358 325 658 6077 6143 4894 1531 3835 4002 2436 9096 6568 2497 2526 3757 886 7559 3761 1352 11203 8447 11647 5644 2689 8410 9986 4848 10583 4914 9075 8525 11479 10598 9897 8676 11309 8902 11060 11848 10685 1206 11519 7587 7687 308 8773 11178 8291 3124 9905 5422 1280 7428 7635 5004 8014 1195 9248 9516 6415 559 11681 4301 9934 9673 3746 168 3099 3668 10121 7020 890 5591 9751 300 4925 321 11449 6283 2515 1485 3483 9273 478 804 5264 11997 4026 9350 1247 3453 11880 8995 1220 9762 1604 2304 4413 9825 9016 9520 7885 894 5518 11729 5714 9174 9868 1995 8811 4905 4117 2815 9491 7490 1450 6392 6614 692 5784 8026 7851 5332 7199 9022 1092 8856 440 8861 10806 9956 3131 2248 10801 7224 5460 6637 9116 35 8201 9134 3357 1497 3742 8972 8794 7800 2364 3975 8184 2220 307 11894 5548 6028 2050 4570 2591 10912 682 9201 11435 1311 8426 11382 2488 4147 3387 5847 3157 4297 11450 5958 472 11583 3620 3842 2602 5442 11954 2594 667 5012 1981 7169 6673 11283 5274 5454 5470 10859 6933 342 4090 6479 6345 4712 4143 9355 3648 6450 11297 3688 6828 11908 369 2635 7056 10261 479 9099 9331 2506 11145 5753 5336 10126 1800 8843 7504 10026 4819 9325 7575 4482 707 9702 5750 8397 9264 5645 301 5805 4724 1066 1184 1486 3741 4912 1208 8762 10809 5254 3286 548 4967 10063 8372 1083 10551 1197 7302 1436 6839 3424 3890 9377 4000 42 11542 4175 1418 2531 10889 3905 2141 2613 3442 541 616 9073 1128 4148 2380 2516 11174 3284 5697 3993 8974 1031 3072 2176 10446 11772 2557 1762 689 1584 2223 4477 1096 11760 9891 6300 8749 10475 1658 3856 8219 11428 5094 11520 11161 3954 6169 6251 11330 7624 1971 10828 8306 4839 11140 2634 6871 8992 11516 7601 4212 11775 7454 10011 4006 8669 675 5486 6727 5417 10113 5231 9107 2391 5615 4416 613 946 11524 2407 315 4693 525 4299 7007 11690 7737 6882 3022 9261 2532 5875 8455 10714 2476 9242 2234 8545 10673 7511 11795 4506 9253 6708 3111 3441 7917 3400 2349 8002 10229 4604 6797 7551 7390 836 7283 11742 26 6572 7337 4805 6045 1331 11753 7050 824 7471 6640 5242 9034 6657 1059 7662 1682 6475 8815 1161 488 11975 3859 7951 806 1177 7535 6230 7306 5631 3314 5008 970 9267 9421 2940 8323 8636 10722 10266 8176 8534 7545 5501 592 2696 4649 1123 4426 2053 3192 9504 9778 2074 5439 6856 106 3830 9866 537 11471 10671 8301 11039 6809 10179 4603 7092 8192 8984 8831 8612 5889 6662 11466 7175 7433 1539 11080 2054 8680 3235 5498 2853 6792 1180 9722 5664 4602 3347 9526 6027 5755 9724 3105 7605 1019 9232 10758 2363 9283 11439 1375 5549 259 8145 3349 5291 10853 7308 6781 11315 8764 5561 11832 7813 892 6121 4658 10890 3113 11767 5926 195 6749 1373 8732 5089 5686 326 9423 10721 11928 2090 8593 459 6611 8870 5786 2318 2703 5196 9329 8581 2597 7892 2149 9963 2274 2560 10488 3912 6137 8798 4877 3027 8069 8499 1034 3462 6354 6171 10360 8925 11211 1244 1480 6223 5458 4808 9733 4195 5369 10975 11391 8913 9661 354 3878 4228 7193 11552 5455 7045 7086 7566 7784 4571 5440 3134 450 6302 9168 9185 9882 7968 3291 10494 11802 1596 6719 2988 9165 6131 6364 7657 5683 11061 10264 8232 4746 683 9875 860 11112 2058 11149 3447 7887 11338 7449 6430 7623 516 1470 11613 4355 10159 8259 8805 2720 1809 1664 2298 6625 4919 96 11093 197 10719 77 11563 3428 1201 1742 8425 4879 11347 1235 8800 7718 558 5719 10228 786 8098 5851 5785 1293 3487 5307 7473 6567 6850 5188 3696 708 7915 2208 8506 3075 9669 9911 8380 8507 10735 1160 1689 11771 6305 10080 121 981 9180 3951 6934 9360 2722 207 2502 10053 6142 10246 11559 5794 8003 8430 1408 5747 10338 222 2375 11202 8054 6073 11284 10365 10231 6193 391 10877 863 11266 7881 6222 11099 7372 7874 7426 11746 3042 4388 11070 7208 1236 5136 9301 6154 11967 6931 4372 8911 9395 1547 11420 3250 2252 10593 590 1055 3582 10558 950 9647 4909 7481 3630 306 9467 6814 3783 8286 8029 324 10655 6574 5331 3307 11708 6671 4873 5371 5808 1385 5534 745 7506 4522 4686 110 1754 1816 10782 2980 6783 9437 7488 5098 5540 8494 7507 2237 10622 518 3586 11594 9601 1735 7081 6374 6464 5639 11574 1143 11602 2483 4070 11021 8086 11596 8200 681 8204 6220 8893 9385 8891 7415 5170 5370 6215 4731 4922 5006 5363 9498 6170 10420 8378 5538 5372 5280 1461 11911 7897 4568 8218 1725 6091 1745 2011 2650 10856 7419 9695 9959 9131 5120 7147 234 2373 3422 7574 6857 793 5545 10509 10547 5701 8173 1203 11455 7691 189 8968 8084 5749 11212 10878 1773 4293 4397 2482 11393 11157 9716 10253 10327 825 1877 2104 9184 5412 6734 11551 7626 11624 8591 6845 3892 9742 7841 4017 643 10295 6470 7127 11331 2197 10536 7254 5984 1158 3312 5778 1866 9620 5675 7864 10393 1472 1799 8245 8537 5672 374 9788 7827 9144 1282 5404 9837 6380 5845 11736 2117 4180 6767 960 5787 8222 4004 382 2571 6772 7777 5338 3302 11571 10300 7349 10756 6476 11508 9581 6511 5799 1200 1278 7803 4115 1778 10311 1719 7427 4829 11972 10194 10976 883 8182 11011 7264 1534 2921 7243 11625 3338 5278 7434 6736 8624 6554 9440 663 741 9617 4327 7409 7769 6038 6226 3627 6294 4655 9047 7406 7899 5079 5272 7207 5173 9590 8111 6260 2565 11532 4292 367 1185 1896 10786 8123 9451 1697 10373 7232 8711 6693 765 11194 8305 6414 2687 3460 6623 10921 7849 4807 7537 10523 4504 2860 7701 2312 5709 9616 1495 11916 8104 8661 4821 8960 7014 9246 1614 397 10821 9479 4633 262 2399 9339 5748 7891 10519 7293 11499 2165 3610 5718 6163 8790 1051 5521 9383 9192 11715 6546 10736 1796 9196 3363 6153 2725 10971 3218 2802 3183 1505 5868 10297 7970 4782 8266 10285 11215 10048 6018 6465 11965 2615 4653 1703 1563 7670 6003 550 7305 3751 11035 9746 10174 4287 7431 3405 2107 10669 669 10352 4112 7041 9252 4333 614 8857 3161 1826 6343 10802 5286 670 11101 9357 6563 7332 7843 777 569 4036 7065 1967
14 646
4047 8463 2813 5373 8694 9626 2870 11902 11785 2674 11599 7379 3159 11844 11724 20 3803 2450 7609 10370 4697 3636 11124 11143 9136 3539 4308 10196 7655 11622 3818 9130 5641 1205 8163 11055 4694 924 4340 8324 3386 9484 9542 6420 8603 1211 6696 11652 2036 9024 6932 1540 1700 10233 2805 9124 10299 2541 4804 7437 498 1100 11779 9630 7913 5937 4208 11881 6945 8789 4405 8512 11176 9964 7775 10869 6590 2114 1555 2794 5710 8822 2325 5469 11845 1699 10896 1133 4923 2984 9052 8249 11512 9587 10158 9019 6339 8860 11632 3083 7807 1827 10128 7798 11573 3502 2788 2625 11025 4787 6484 3662 4977 112 334 7684 8099 2056 10409 8584 644 2024 9914 3472 11444 6687 11720 1667 10421 3958 2001 2872 2605 4417 8544 226 10155 6668 10232 9985 8906 8031 4704 11269 10792 11119 2172 4251 10905 3257 2413 1597 6967 11090 11842 6056 8630 9991 6650 4738 7661 1225 4593 828 7266 2798 5815 1067 8207 7967 11798 1433 794 3048 3318 9874 9217 292 9519 574 4705 1336 1969 2126 7732 8869 6187 773 3542 7161 9250 3544 8025 9736 1467 1498 9979 6942 11555 8392 2672 6951 6197 6238 9550 9693 405 8998 8215 6517 3308 8542 4185 237 8256 10808 4269 8217 6859 11929 6880 10241 9548 7314 8209 11273 2067 11550 1759 9454 5068 220 10282 7182 11414 9972 4786 9636 11300 1898 7759 5776 1892 5472 4675 5141 9715 10701 3777 7382 11743 4500 1670 6362 4975 10145 3915 8955 7610 6249 9279 1112 5391 4901 3672 10785 4302 9849 183 8956 9805 5226 8671 2781 11580 388 5040 9945 9867 8379 5946 3320 11289 10069 10852 8547 2033 4632 761 1242 2997 1049 9876 6378 7447 2455 3615 2791 1330 3671 9125 7076 8894 4843 9236 9721 10185 9403 4234 10105 3234 460 9282 9827 10029 9635 5210 1456 9725 7210 6543 11750 5944 5222 3766 2344 10374 11167 1599 11664 818 5924 5892 8717 2949 5293 4205 1823 10294 11723 3254 10353 4710 11704 10513 357 552 8274 5402 6454 709 6855 5323 10750 10059 4868 6815 2763 697 4069 2065 6636 6256 10313 4931 7018 7297 319 7502 3047 10144 8589 2374 2855 10936 1009 7331 10918 847 1479 4994 1346 76 2305 9770 7290 6672 6599 5890 4861 7905 2707 3982 8598 4396 7339 11752 10305 7158 11562 7926 2655 2641 3327 11659 3549 11367 8000 4679 6956 11876 3774 5043 4682 8484 10679 834 9834 10521 7163 855 3555 3355 6097 2657 3621 10392 11427 7896 10517 6048 6307 4027 46 11734 4692 9811 11935 7430 2906 5127 9485 11927 4651 4715 11305 10195 378 5589 2740 1213 8405 9284 9752 9740 930 8440 7436 9186 4279 5724 3096 8486 11069 9000 11950 11185 5990 29 8772 11860 8351 6406 7087 914 5621 7350 4532 676 8032 7291 7973 2268 10647 3926 5935 4970 11199 7906 1038 11053 7834 9611 8480 4452 4872 11333 2492 6916 5708 7420 10438 10935 4046 2360 3025 1483 674 3274 11818 10505 4495 802 1848 11539 7581 79 5126 989 5600 11944 2704 10217 6381 7139 8765 8570 983 9793 4588 4992 9400 7692 626 4748 5101 10480 6333 839 3068 3591 4753 2917 2806 7292 8784 2712 11502 1455 6806 3606 10074 50 9977 827 9213 9470 9980 10162 8932 353 9810 3694 9643 11153 1595 4156 10101 8656 5948 11100 9786 7898 9872 5029 11104 7748 1905 10343 857 11442 10055 3019 8314 9286 5343 11001 9055 11601 4812 1518 10816 5157 5390 11873 8786 6453 4783 5863 6146 9561 7728 214 4354 11083 258 2424 9139 11217 7439 10 255 10845 9818 6115 5032 5590 6061 9366 1387 1840 8389 9902 8383 11298 5947 2422 8236 1537 4121 4910 10014 1301 10589 4503 11049 9461 11859 10218 10527 4580 3245 7852 10038 425 6851
