5
0 764
2335 641 3057 1239 2000 3264 2776 3401 3444 3230 827 1565 2206 808 1671 2505 587 3304 1594 359 3369 425 318 2622 692 731 1621 23 407 3437 574 434 3411 2224 2311 2350 1463 208 619 503 2737 260 276 3782 358 2742 3604 1226 1376 3679 169 1246 1344 2240 2587 812 60 1290 3434 3269 2197 3172 81 2208 2689 2150 524 1955 2669 40 3018 3132 3310 1608 3141 936 2151 1030 1165 1685 2921 1680 1745 2979 2973 1024 1365 809 3686 398 726 1944 1822 911 1294 1937 876 2931 1676 67 789 3283 965 1236 1369 3794 2155 2263 2530 3487 70 1645 3454 2665 1295 2015 625 3493 1547 3680 2886 2916 3448 2854 2980 1695 2046 1179 2196 184 3016 3059 3308 3268 2485 3928 160 1150 3959 1055 1454 302 517 3392 1561 3923 2377 2456 2666 826 362 3737 678 831 1840 1693 2223 3688 2111 1976 1174 295 2498 3746 1088 3730 3912 3006 2480 841 3435 763 3212 2387 1432 3739 3890 61 130 1014 244 3699 2337 3070 203 684 1593 3691 2831 643 822 1407 961 1305 1629 1807 1579 2583 3744 3932 525 280 179 3567 1644 2228 2392 3486 1599 1195 3528 3542 3372 1378 1430 1980 2482 1536 1015 536 630 2118 762 1768 1921 3027 3386 3985 37 2334 1995 1498 3808 563 3071 3314 2970 48 2343 366 428 3033 3425 3557 773 1276 2805 3764 3436 163 3183 2122 2961 1772 3479 2488 1420 1596 1993 1293 3570 499 782 2891 3664 2370 1859 2479 3711 3206 1171 3547 1360 3972 3284 3575 1523 2829 1573 3203 3322 1531 554 1044 723 3370 2892 2332 2932 1618 2635 328 3530 1894 901 2593 1170 1723 1821 3042 2037 990 3841 3028 1003 1861 3986 853 879 3672 571 3473 2019 2209 2428 3728 1703 1054 588 2502 1324 2602 1357 785 2484 323 32 618 2872 871 337 2849 2578 777 1051 1650 582 3275 3457 3342 1896 781 2328 1322 627 2267 1988 2165 2180 267 3501 1155 438 3237 2272 2032 63 1123 57 3452 3290 2661 1675 2573 642 1927 384 1854 2145 3545 2793 3003 2318 933 3781 2522 845 3217 818 3864 2862 171 2533 3133 1186 1328 1537 1665 913 3662 3407 1095 2810 2147 2545 145 633 3351 443 1010 1125 1382 1885 1078 1277 2234 2374 1021 1451 232 2503 980 1570 2495 1362 3191 2540 767 1082 3345 3556 3832 1079 2033 2547 150 187 3136 3196 1584 3645 2532 547 644 3850 19 673 2163 2513 732 356 974 2883 2910 2606 3272 2496 1299 682 2903 1659 2079 319 1747 898 268 2562 6 814 3862 2411 568 1701 902 1787 2730 3700 3961 2162 1975 3349 3498 177 1500 1978 2397 1356 585 162 1387 1166 1692 3024 3563 550 3227 3814 3379 2339 2560 1384 404 651 1900 2325 2172 2254 1250 3989 2077 779 1606 3433 3350 2647 3044 1025 2057 2823 564 2371 84 8 75 1730 592 1893 3355 2997 1639 2790 987 2199 2878 516 3637 1647 3760 420 1507 3266 2643 2972 1291 2902 1045 2859 50 3851 334 1036 3621 3659 2189 760 1059 3459 2415 2245 2509 598 1081 1653 655 1372 1227 2338 728 331 771 3135 1306 1540 275 2103 1548 3624 1758 2843 1502 2678 1329 1786 2913 2915 3935 3380 181 3367 269 1562 1065 3810 2420 3258 1878 1074 3123 3480 2594 1399 3101 3058 2751 3804 2060 2735 963 3722 3181 2631 3960 1193 2137 1591 3908 2393 569 2448 2524 2753 3963 2012 2159 920 1317 2616 2406 97 3492 1604 3856 504 2700 935 2181 716 813 3010 3032 2739 3404 2119 2814 1482 3917 3692 29 2875 1271 2158 944 3650 2153 3100 710 1184 1613 1461 2244 2551 1780 2129 658 185 2494 2100 1243 1699 3251 2759 1423 3943 123 2561 3090 2038 703 114 1736 3152 2839 884 815 615 1535 2538 930 2799 2134 2909 2212 1337 1714 908 3695 2677 2703 22 262 3666 465 392 616 1586 66 131 2143 495 969 1238 1348 167 3054 240 2315 2359 2624 1002 3805 2148 78 257 549 2940 820 1350 3674 1876 219 3927 47 2832 3894 1417 711 2630 3130 3299 2285 1413 3587 2281 3279 2075 2777 734 3066 1302 271 966 2584 154 1173 1425 1725 2727 2951 1572 65 2906 1506 2014 3546 112 1097 2946 3078 1831 603 1062 2481 2327 3769
7 783
186 296 2462 2487 1217 172 3761 2282 2964 1261 2170 46 339 502 3667 702 2623 2299 867 2748 1188 626 192 628 652 2618 3157 1526 1844 2132 1470 2969 2852 2280 1493 2083 679 3945 1347 1776 76 2195 2942 178 3607 3148 3889 448 3861 417 866 1835 832 3068 1968 3973 2765 2231 347 2993 1326 1393 3640 3992 2376 605 1898 695 1422 677 365 3204 3975 3252 3151 3684 493 3710 3030 1934 1948 2722 3131 2303 1147 3705 514 1637 937 2570 314 2925 1534 3726 3990 560 3625 234 1967 995 2216 307 992 3560 3885 2113 2927 3202 3544 1906 1970 2070 3646 1303 3524 478 2546 2589 1103 724 3839 2063 1009 3693 2654 59 3873 2521 939 3756 3332 915 2239 2355 1583 341 3869 2026 850 408 1136 1991 3312 1515 2382 3800 3198 910 104 699 1354 1846 395 2834 2978 1775 1834 85 2592 1827 3617 226 2363 2274 2638 2644 830 1733 2330 2191 237 2426 2323 3729 3884 109 1750 1917 2963 1109 1192 41 2771 3948 982 1841 3901 510 1488 3709 1936 2386 691 1377 2581 1989 2424 2108 749 2020 2933 95 137 3176 1982 2104 513 205 1832 422 3162 161 249 2017 2826 526 2413 2858 3067 1240 3936 3219 687 2731 2123 940 3366 477 1022 3113 931 1368 2719 1850 27 1664 44 1158 1435 2992 1697 765 2466 89 1211 58 774 506 917 3195 2233 2856 3391 1476 218 1556 2773 2881 310 892 1460 929 2757 2571 1466 2378 2525 2645 3091 52 900 2938 265 91 261 3317 3611 3114 3725 1194 1331 1748 2577 2297 118 242 301 2018 2471 3361 1314 3588 2613 140 3262 1153 2139 3559 1052 3289 1610 2306 1687 3924 144 713 3409 2960 1742 250 138 1514 573 886 3008 1107 1126 3225 96 2249 1704 2414 2803 3120 3787 3723 146 2882 1066 103 326 376 216 286 233 3174 3633 670 2769 206 2367 3192 979 338 3977 82 3623 2646 2702 2390 345 868 2002 747 3111 2373 363 1843 483 2127 1115 385 3154 759 2861 2255 2102 675 1686 3836 1963 819 3526 2476 3842 303 3229 1232 3353 330 174 835 1013 890 1907 3293 1340 374 2298 1005 3768 540 665 3110 1100 125 2205 2029 1678 2291 368 3776 2316 2901 905 3904 164 1873 2333 3338 943 1546 2549 1849 36 2093 370 591 2692 3863 828 1029 3256 2251 1913 3239 1352 1551 3741 688 2804 2261 2515 578 3197 3934 3583 1105 542 3161 10 523 3687 77 614 3046 3021 124 2504 579 875 2926 1792 360 1838 1140 133 3326 1492 225 2277 3976 3540 1642 3978 3406 3096 1310 1706 1847 2519 3713 2544 778 3771 321 725 2 2131 1381 2133 3277 1581 1865 1436 1782 3543 1359 2219 461 2652 3424 2097 1845 2322 3669 3194 1512 2952 393 3882 964 721 2136 2028 156 2922 2935 3599 2331 816 1711 2388 672 1576 3605 3558 3271 1597 2668 3758 285 139 1558 1069 454 1673 1720 3115 3592 2302 1133 1713 431 1519 291 3002 3866 2004 3821 2211 1627 38 92 2121 3858 520 1674 2469 3878 2812 3614 2621 1132 111 1370 1960 2444 487 3759 2789 3552 2300 2637 2758 2140 1886 2203 1966 199 2294 2884 1139 1334 1648 744 3347 1361 942 649 3146 2074 355 3083 3574 3865 2271 2848 2072 3826 2523 2398 1091 3382 1545 529 217 3941 51 1141 3931 2194 423 3324 470 924 3209 1735 3088 1219 3385 3045 3173 3974 1954 2166 2756 758 2336 1 2819 885 1077 1495 3337 248 375 457 3631 480 3920 1244 3775 1524 64 3373 1445 3648 3554 469 3957 409 2641 2252 294 1643 3328 1401 2008 2917 2981 2536 1242 951 3036 108 2442 2542 3786 1457 68 2766 912 705 893 947 2021 1325 3397 3463 914 3896 955 1204 1478 90 735 1459 1795 2011 1266 3660 3005 1440 530 2977 1503 2220 299 1084 1722 1501 2870 2955 1202 3971 1811 1912 1397 2117 2579 3883 1940 170 3531 3590 3838 896 2047 611 2811 1543 2659 2779 1094 2778 3476 1945 1279 507 1259 2650 2767 3539 1707 3446 3734 1784 2924 3065 3235 1708 264 2417 3933 693 3040 3055 1462 3438 1749 1559 3634 3803 805 2768 1662 629 2820 3150 3199 2202 1530 3909 770 3449 400 2962 254 3816 3937 3075 263 3895 2427 3652 2013 2537 1641 2295 3029 2187 3097 1412 2996 3548 1718 2405 2483 361 519 1083 3584
28 580
1496 3736 1739 433 854 229 976 3549 3906 978 2827 1390 243 1072 3831 3610 2185 700 1910 2679 1817 198 1207 1063 3641 1992 1574 2632 278 3671 3916 548 1000 1394 2042 1657 315 442 2887 1698 1956 3790 1070 98 2833 1172 1798 153 3052 2458 981 2460 3801 610 3601 1114 3907 1717 1962 3242 3247 2809 2176 2880 3855 3602 2068 1825 3335 3663 3843 2344 683 750 1183 1272 25 1882 1883 3720 3472 1047 306 1984 3469 3792 528 3525 3951 1862 0 3098 3964 3733 1986 2308 3276 3724 3139 3939 3460 3431 1716 1215 2557 13 3774 182 800 1121 1149 697 640 1902 3218 1520 1848 3187 2342 221 1385 604 3440 3000 143 2226 1285 533 2726 857 149 209 2640 3421 1660 2712 2552 2556 2048 1622 1191 537 646 704 2987 115 3512 1490 776 2867 1979 1112 2975 1928 2675 790 1632 1672 3622 3517 1818 1085 2918 2229 986 3273 1864 2402 3735 2806 2041 2950 2107 843 1486 621 2243 1589 708 2976 1700 2711 3102 2907 1225 3388 2289 3001 3690 1922 945 622 1017 7 3848 1341 2539 527 1363 320 3658 136 1677 2395 1778 856 1182 2817 858 3422 2095 129 3497 3079 3968 624 2818 2895 3698 1396 3412 2671 877 3072 3639 367 3340 1164 3520 2167 3430 3747 2520 1969 2404 2956 2890 1949 3981 3396 3749 1743 1298 1555 3489 1323 3015 1539 3708 3261 1952 797 2512 2541 746 3188 958 1612 3930 3715 2221 2729 1851 2425 2899 852 2161 220 889 3415 1595 1598 1741 141 1118 413 2190 1855 281 1122 3254 1280 126 2351 532 2988 3615 1874 3706 35 147 435 1577 1504 2434 3104 3757 2040 236 1971 3402 2749 3253 1388 3772 2076 3649 848 1071 1098 453 2966 2514 2971 1578 2507 1477 3988 3897 1694 3534 2349 1228 3594 427 989 1221 874 3494 1212 3302 3223 1872 833 3354 3257 3799 3997 501 2683 2409 2559 718 2760 3675 2173 1890 1442 1615 2553 2772 2983 1499 3763 3387 3265 2725 3316 2091 3248 2857 253 316 1655 1881 2051 2816 3185 3298 1480 2600 1903 386 1089 1265 2034 1087 231 741 3845 887 3834 1998 2052 541 3854 1908 1516 1631 2078 2800 3081 1633 2440 2531 1201 1879 991 1473 2164 2419 508 2324 2687 1249 463 3585 1038 1815 2186 1585 3853 2905 1483 1338 2050 18 2585 1683 3797 4 3336 3292 3134 1307 3022 3399 3031 175 2445 3488 2396 152 2796 3500 53 2934 3320 2307 1682 3762 119 3346 2085 3953 485 3445 3535 2379 1925 1208 2492 1268 3655 3954 476 1284 1806 2016 1447 2846 2130 3099 2576 2701 801 3447 1533 3999 3952 88 2317 928 2864 489 823 449 3579 2688 881 2958 1006 1379 1020 636 1449 897 1096 3137 116 3038 211 3215 2182 2713 2825 1064 3626 439 3777 2098 3394 1756 3475 1839 2276 3325 970 1793 2815 3670 2437 1729 2361 464 1209 1256 1471 2894 3807 2232 1313 2421 1569 2310 189 764 2314 1073 2407 1544 332 1090 2575 660 2175 1837 1860 496 575 3344 865 754 2124 2447 289 117 3403 2604 313 1189 521 2764 2801 3589 3980 1263 402 1343 2845 1852 1601 1797 1911 3095 3581 3453 3727 3859 883 1901 2994 1117 1187 1269 2288 1853 2086 794 1777
9 498
821 1104 2597 988 2774 676 1130 210 2192 279 2967 252 3732 1930 3795 2627 2911 212 2929 1433 3568 3874 432 2061 3260 1452 1731 1426 1625 3007 1067 460 3339 2431 559 3023 3375 1889 2662 1580 2238 584 1028 2257 2670 1169 2838 3082 1549 3193 3381 2115 419 3012 3911 1418 3852 327 1124 1721 1443 3508 681 2105 607 1744 2210 1342 2006 1774 107 1218 3470 3566 623 719 3360 180 2586 421 1364 880 1237 3231 840 2968 967 2489 2188 846 3288 2053 1113 3390 2989 1358 1205 2914 396 650 450 556 3888 663 2912 3352 3107 1600 2044 3291 738 12 2305 2785 2853 2736 3847 997 1666 2944 1950 737 298 2642 2066 755 921 3495 1951 3358 1652 2138 1441 1538 16 1740 2959 2707 803 3389 3142 490 14 2142 994 3938 2215 3464 3426 3527 1829 1129 1142 2598 1760 1755 946 656 3697 2625 3947 1278 1312 2770 2794 2732 3074 132 2718 1590 2628 3080 3333 3921 2985 1049 1658 1751 2270 2497 1373 2045 775 1638 94 2320 3827 583 3788 1679 1318 2658 2928 1904 2984 1814 3474 3638 922 870 799 1453 3791 43 3551 602 3485 1810 1924 2056 2558 2213 2422 2463 235 3049 462 1424 2087 546 196 824 535 3393 1628 2094 825 953 1419 2869 1180 2844 1366 1267 3612 3376 3300 2109 3169 2429 2459 2696 3047 256 3109 1670 3331 2088 3281 3482 3240 1411 1626 2357 3925 274 1661 1870 2279 1614 3796 1283 667 166 2069 73 3754 2369 342 1474 3461 3143 1895 1196 3694 183 394 3205 202 1281 1884 1888 2171 522 2747 715 1654 2030 2923 1120 3942 3286 1335 3926 1402 456 919 1668 552 788 3743 1260 72 2893 993 2217 806 3233 430 3879 3966 1099 2965 1472 2477 3357 2612 11 3982 2227 3813 1297 2822 3319 1321 1484 2059 105 2380 1254 2842 1588 1630 3828 1041 1316 1309 545 200 511 2871 3900 2259 1710 1669 916 3034 2920 3180 293 3043 2633 1933 999 2724 838 1168 1897 3502 740 3958 2358 792 3306 1858 2636 371 1206 1681 380 2601 1061 2169 957 1034 1007 1160 975 597 1727 3955 3683 3515 479 1286 3516 1909 3125 1210 312 3301 1053 1684 3944 1148 2464 1050 2453 590 1465 1918 3103 1042 1771 888 3785 1332 2141 3243 353 3915 3946 1138 2248 1176 2049 1552 3606 796 847 3678 662 3892 2204 2058 159 2290 1667 3580 3962 277 2676 1434 176 2908 1262 2782 165 491 3677 586 1371 3529 1770 2791 1554 2535 2574 2672 3035 3886 1389 632 3812 637 1931 2116 3603 1791 266 3327 3405 2031 2348 1932 2995 3830 86 1532 343 1037 272 2795 2787 3427 561 3491 2850 2461 2470 2615 2400 2253 2611 3155 99 336 2750 3532 589 3216 3087 1875 377 2120 1033 3105 1406
6 430
2511 1057 3296 414 3822 1162 3496 3817 1258 717 3718 1617 473 2418 3591 2991 1863 2798 2879 1409 1438 406 1767 3940 3009 1550 2412 1185 3704 1871 1972 2157 2919 1508 2755 3578 904 3439 3780 2423 657 3443 860 949 1468 1319 1273 2490 1289 415 3608 2501 3484 1915 113 1152 3234 2439 3846 2797 2714 2706 2399 471 2657 1223 3179 2685 2260 3126 2781 600 1315 811 2821 2265 1525 3106 1529 3881 753 3077 593 2499 954 1802 837 1724 2156 3371 333 3712 2728 3348 2067 1220 2001 3428 918 836 3417 429 3979 3017 3119 3138 2720 2734 2715 287 1233 3278 3303 631 2608 3627 2237 3569 1799 1086 1106 756 3037 3503 1783 3918 2863 3875 1833 3 1093 659 2784 3719 71 168 401 2416 472 3868 3998 3186 1375 3632 2868 1823 2356 1996 1200 2762 2375 1636 3458 3294 1075 996 1568 1892 3654 445 1145 2455 829 1946 3465 1224 1351 2354 2847 851 2154 364 3562 1177 2193 1241 2362 1414 1582 3175 1611 2472 3903 204 2743 1766 1446 1857 1965 3118 3876 1528 352 412 973 1487 494 1518 467 2384 2783 3513 3586 793 3073 512 2326 2596 2788 2292 1649 2168 698 2746 241 2786 3408 2855 1866 93 357 1779 348 2467 745 3149 3287 69 3717 3967 2092 297 701 1805 42 151 15 2851 3368 3226 1973 2435 580 418 351 2954 3689 3221 742 1635 1058 3171 17 213 1300 3996 925 1039 3893 3619 80 899 736 1167 224 3398 1292 1987 1592 3825 2035 2269 1304 1198 466 810 2998 1553 2699 2473 3085 397 557 3533 1826 696 1689 3478 3798 1939 685 878 227 498 1146 3673 1943 194 214 2247 2278 3384 391 2010 2733 882 3635 1983 3048 3914 2900 3451 1620 2438 3571 447 239 2738 1001 3318 3802 2007 1785 1489 1887 1999 634 3721 1754 1374 1275 481 3062 2566 2443 1509 1929 148 273 3432 3823 3208 1229 2064 1027 3210 3222 2099 3323 1346 1640 1448 2695 2813 3112 3418 101 1252 3147 3241 20 3471 1018 842 3060 3378 2660 1008 534 3189 2025 2937 971 1942 3061 3582 1247 1392 3509 2780 804 2837 45 2697 761 349 2953 195 567 2974 2930 932 3238 1605 1245 26 2177 1869 2841 3117 2009 2450 3745 1416 1602 923 255 3442 565 2889 1820 2184 555 1656 654 474 948 1522 436 3829 2723 950 2430 1712 3343 437 378 3877 1163 674
